1,1,223.8,238.3,32.9,86.6,0.92,1,-1,-1
1,2,542.2,230.5,10.1,26.2,0.86,1,-1,-1
1,3,0.9,243.6,18.7,33.7,0.83,1,-1,-1
2,1,211.0,240.9,44.6,85.5,0.93,1,-1,-1
2,2,542.0,231.4,10.3,27.3,0.86,1,-1,-1
3,1,207.5,238.8,25.9,87.9,0.90,1,-1,-1
3,2,541.9,232.9,10.2,26.7,0.86,1,-1,-1
4,1,179.7,241.6,43.5,88.9,0.93,1,-1,-1
4,2,540.8,234.4,10.2,26.9,0.86,1,-1,-1
5,1,172.1,240.9,37.2,90.9,0.92,1,-1,-1
5,2,540.8,234.5,10.2,27.2,0.85,1,-1,-1
6,1,157.1,240.6,34.5,92.1,0.91,1,-1,-1
6,2,540.9,234.7,10.6,27.9,0.86,1,-1,-1
7,1,139.5,242.5,46.6,93.2,0.93,1,-1,-1
7,2,541.4,234.1,10.9,28.9,0.85,1,-1,-1
8,1,130.7,239.6,24.1,95.9,0.87,1,-1,-1
8,2,542.0,234.9,11.1,29.1,0.85,1,-1,-1
9,1,104.2,242.6,48.4,97.0,0.93,1,-1,-1
9,2,543.5,233.4,10.8,30.8,0.85,1,-1,-1
10,1,94.7,241.0,41.2,99.4,0.93,1,-1,-1
10,2,544.3,234.0,11.7,30.8,0.85,1,-1,-1
11,1,79.0,240.9,36.8,100.3,0.91,1,-1,-1
11,2,547.3,233.6,11.8,32.4,0.84,1,-1,-1
12,1,61.1,243.6,50.1,100.7,0.90,1,-1,-1
12,2,550.5,234.7,11.5,30.9,0.82,1,-1,-1
13,1,50.4,241.8,26.6,102.2,0.88,1,-1,-1
13,2,554.0,233.7,10.9,33.9,0.83,1,-1,-1
14,1,21.9,241.9,52.0,104.8,0.93,1,-1,-1
14,2,556.5,233.9,14.8,33.7,0.88,1,-1,-1
15,1,12.2,242.6,43.5,106.0,0.92,1,-1,-1
15,2,560.1,234.1,14.3,34.3,0.83,1,-1,-1
16,1,0.3,241.6,34.8,107.2,0.92,1,-1,-1
16,2,566.4,233.8,12.5,35.2,0.84,1,-1,-1
17,1,0.0,243.5,28.3,107.1,0.82,1,-1,-1
17,2,570.8,234.6,14.2,35.5,0.84,1,-1,-1
18,2,576.1,234.4,12.0,36.6,0.83,1,-1,-1
19,2,578.2,235.2,18.0,35.7,0.87,1,-1,-1
20,2,586.7,234.8,13.9,36.5,0.84,1,-1,-1
21,2,592.2,235.1,15.0,37.0,0.85,1,-1,-1
22,2,600.9,235.6,12.6,37.5,0.82,1,-1,-1
23,2,604.8,235.5,16.8,37.5,0.87,1,-1,-1
24,2,609.1,236.4,16.3,37.8,0.84,1,-1,-1
25,2,620.1,237.1,13.1,37.5,0.86,1,-1,-1
26,2,626.7,237.8,12.4,37.2,0.74,1,-1,-1
27,2,631.6,237.0,8.1,39.7,0.67,1,-1,-1
27,11,519.2,220.6,4.9,8.5,0.58,1,-1,-1
28,11,519.4,220.3,4.7,8.6,0.60,1,-1,-1
29,11,519.6,220.2,4.5,8.6,0.58,1,-1,-1
30,11,519.6,220.2,4.5,8.6,0.56,1,-1,-1
31,11,519.7,220.2,4.4,8.6,0.57,1,-1,-1
32,11,519.9,220.4,4.4,8.6,0.62,1,-1,-1
33,11,519.9,220.3,4.5,8.6,0.61,1,-1,-1
34,11,519.9,220.3,4.6,8.5,0.59,1,-1,-1
35,11,519.9,220.4,4.6,8.5,0.58,1,-1,-1
36,11,519.9,220.6,4.6,8.3,0.60,1,-1,-1
37,11,519.9,220.6,4.7,8.3,0.59,1,-1,-1
38,11,519.9,220.4,4.7,8.5,0.56,1,-1,-1
39,11,519.7,220.2,4.7,8.7,0.57,1,-1,-1
40,11,519.7,220.2,4.7,8.8,0.58,1,-1,-1
41,11,519.6,220.2,4.8,8.8,0.61,1,-1,-1
42,11,519.5,220.1,4.8,8.9,0.58,1,-1,-1
43,11,519.4,219.9,4.8,9.0,0.54,1,-1,-1
44,11,519.2,219.9,5.0,9.0,0.53,1,-1,-1
45,11,519.1,220.0,5.0,8.9,0.57,1,-1,-1
46,11,519.0,220.0,5.1,8.9,0.57,1,-1,-1
47,11,518.9,219.9,5.2,9.0,0.47,1,-1,-1
48,11,518.8,219.4,5.4,9.2,0.39,1,-1,-1
49,11,518.8,219.2,5.5,9.5,0.41,1,-1,-1
50,11,518.9,218.5,5.8,10.2,0.39,1,-1,-1
51,11,520.2,218.2,5.4,10.4,0.54,1,-1,-1
52,11,519.8,218.2,5.6,10.4,0.55,1,-1,-1
53,11,519.6,217.7,5.8,10.9,0.58,1,-1,-1
54,11,519.0,218.0,6.1,10.9,0.63,1,-1,-1
55,11,518.7,217.3,6.5,11.8,0.68,1,-1,-1
56,11,518.7,217.3,6.6,11.7,0.65,1,-1,-1
57,11,518.5,216.7,6.8,12.5,0.69,1,-1,-1
58,11,518.2,216.7,6.7,12.6,0.71,1,-1,-1
59,11,517.1,216.9,7.0,12.8,0.69,1,-1,-1
60,11,516.0,216.7,7.2,13.0,0.70,1,-1,-1
61,11,515.8,217.2,7.0,12.5,0.75,1,-1,-1
62,11,515.2,217.2,6.7,12.7,0.73,1,-1,-1
63,11,513.7,216.7,5.3,13.3,0.70,1,-1,-1
64,11,513.0,216.3,5.8,14.0,0.73,1,-1,-1
65,11,512.6,216.4,5.5,14.0,0.73,1,-1,-1
66,11,512.1,216.4,5.5,14.1,0.70,1,-1,-1
67,11,511.8,216.4,5.2,13.9,0.66,1,-1,-1
68,11,511.2,216.4,5.5,13.9,0.52,1,-1,-1
69,11,508.0,216.4,8.0,12.5,0.25,1,-1,-1
70,11,508.0,216.4,8.0,12.6,0.24,1,-1,-1
71,11,508.0,216.2,7.8,12.8,0.25,1,-1,-1
72,11,508.0,216.4,7.2,12.5,0.36,1,-1,-1
73,11,508.0,216.5,7.8,12.4,0.27,1,-1,-1
74,11,511.9,216.1,6.7,14.5,0.72,1,-1,-1
75,11,512.0,216.1,6.8,14.6,0.74,1,-1,-1
76,11,512.4,216.1,6.8,14.6,0.75,1,-1,-1
77,11,512.9,215.9,6.5,14.5,0.73,1,-1,-1
78,11,512.1,216.3,5.4,14.2,0.70,1,-1,-1
79,11,512.0,216.2,5.2,14.0,0.73,1,-1,-1
80,11,511.9,216.3,5.5,14.0,0.75,1,-1,-1
80,20,518.0,215.2,6.0,14.4,0.59,1,-1,-1
81,11,511.8,216.2,5.9,14.0,0.77,1,-1,-1
81,20,518.9,215.5,5.4,13.9,0.59,1,-1,-1
82,11,511.4,216.0,6.2,14.3,0.75,1,-1,-1
82,20,519.8,215.2,5.7,13.9,0.59,1,-1,-1
83,11,511.2,216.6,5.7,13.8,0.70,1,-1,-1
83,20,520.6,215.0,5.5,13.6,0.59,1,-1,-1
84,11,511.1,216.2,6.1,13.9,0.76,1,-1,-1
84,20,522.2,215.1,5.9,13.0,0.66,1,-1,-1
85,11,510.9,216.2,6.4,14.0,0.78,1,-1,-1
85,20,523.5,215.1,5.3,12.5,0.61,1,-1,-1
86,11,511.5,216.2,6.1,14.3,0.80,1,-1,-1
86,20,524.0,215.4,6.4,11.2,0.40,1,-1,-1
87,11,511.8,215.9,6.0,14.4,0.81,1,-1,-1
88,11,512.1,216.4,5.6,14.0,0.79,1,-1,-1
89,11,512.6,216.1,5.8,14.4,0.79,1,-1,-1
89,20,530.4,214.7,5.4,11.2,0.65,1,-1,-1
90,11,513.2,216.1,6.1,14.1,0.77,1,-1,-1
90,20,531.4,214.9,5.7,12.3,0.64,1,-1,-1
91,11,512.8,217.4,5.1,12.9,0.55,1,-1,-1
91,21,531.8,215.7,6.3,21.2,0.74,1,-1,-1
92,11,514.8,216.3,4.6,13.0,0.24,1,-1,-1
92,20,532.4,215.4,6.6,21.9,0.77,1,-1,-1
93,20,533.2,215.5,7.0,22.0,0.79,1,-1,-1
93,23,517.4,215.5,6.7,13.8,0.53,1,-1,-1
94,20,534.2,214.8,8.1,22.9,0.83,1,-1,-1
94,23,518.4,214.9,5.8,14.5,0.76,1,-1,-1
94,24,510.4,218.2,5.6,9.8,0.65,1,-1,-1
95,20,534.6,215.4,8.1,22.1,0.84,1,-1,-1
95,23,519.1,215.4,6.3,13.7,0.68,1,-1,-1
95,24,510.1,219.0,5.9,8.5,0.52,1,-1,-1
96,20,534.9,215.0,8.5,22.7,0.85,1,-1,-1
96,23,520.1,215.4,6.3,13.4,0.76,1,-1,-1
96,24,509.9,218.7,6.1,7.4,0.51,1,-1,-1
97,20,535.1,214.5,9.2,23.4,0.85,1,-1,-1
97,23,522.0,215.9,6.3,12.5,0.75,1,-1,-1
97,24,509.4,219.0,6.6,7.6,0.27,1,-1,-1
98,20,535.7,214.3,9.9,23.8,0.83,1,-1,-1
98,23,523.9,215.8,5.8,12.1,0.61,1,-1,-1
99,20,536.6,213.6,9.7,24.6,0.84,1,-1,-1
99,23,525.1,215.1,6.9,12.1,0.45,1,-1,-1
99,26,508.0,218.3,5.1,5.7,0.67,1,-1,-1
100,20,537.3,213.7,9.3,24.3,0.84,1,-1,-1
100,23,526.7,215.2,5.5,11.6,0.57,1,-1,-1
100,26,508.0,218.4,4.9,5.5,0.70,1,-1,-1
101,20,537.3,213.4,9.4,24.6,0.83,1,-1,-1
101,23,527.9,215.4,5.5,10.6,0.57,1,-1,-1
101,26,507.8,217.6,5.0,6.1,0.75,1,-1,-1
102,20,537.5,213.6,9.3,24.4,0.82,1,-1,-1
102,23,528.7,215.4,5.3,10.5,0.47,1,-1,-1
102,26,507.8,217.7,4.8,5.9,0.74,1,-1,-1
103,20,538.1,213.5,9.1,24.3,0.82,1,-1,-1
103,23,530.1,215.1,5.5,11.2,0.48,1,-1,-1
103,26,507.6,217.6,4.8,5.7,0.74,1,-1,-1
104,20,538.2,213.6,9.0,24.3,0.80,1,-1,-1
104,23,531.1,214.9,6.7,21.9,0.70,1,-1,-1
104,26,507.4,217.5,4.9,5.7,0.75,1,-1,-1
105,20,538.2,213.1,9.0,24.6,0.81,1,-1,-1
105,23,531.9,215.2,6.2,21.1,0.66,1,-1,-1
105,26,507.5,217.7,4.8,5.7,0.76,1,-1,-1
106,20,538.1,213.1,8.5,24.5,0.80,1,-1,-1
106,23,532.0,215.4,6.3,21.5,0.63,1,-1,-1
106,26,507.5,217.4,4.9,6.0,0.76,1,-1,-1
107,20,538.3,213.4,8.8,24.6,0.81,1,-1,-1
107,23,533.2,216.1,5.7,21.5,0.65,1,-1,-1
107,26,507.2,217.5,5.0,5.8,0.76,1,-1,-1
108,20,537.2,213.4,9.5,25.1,0.78,1,-1,-1
108,23,533.6,214.6,6.7,23.1,0.54,1,-1,-1
108,26,507.1,217.2,4.9,5.9,0.75,1,-1,-1
109,20,536.7,213.6,9.7,26.0,0.79,1,-1,-1
109,23,534.7,213.8,10.4,26.0,0.25,1,-1,-1
109,26,507.0,217.2,4.8,5.8,0.76,1,-1,-1
110,20,535.4,214.2,10.3,26.3,0.80,1,-1,-1
110,26,507.0,217.1,4.8,5.8,0.76,1,-1,-1
111,20,535.3,213.9,10.6,28.2,0.83,1,-1,-1
111,26,506.9,216.6,4.8,6.1,0.75,1,-1,-1
112,20,535.8,214.6,10.6,28.4,0.83,1,-1,-1
112,26,506.8,216.8,4.5,6.0,0.76,1,-1,-1
113,20,535.0,214.1,11.8,31.0,0.83,1,-1,-1
113,26,506.6,216.5,4.5,6.2,0.77,1,-1,-1
114,20,535.1,215.0,11.2,30.8,0.81,1,-1,-1
114,26,506.6,216.6,4.4,6.0,0.76,1,-1,-1
115,20,535.0,216.5,11.3,30.0,0.81,1,-1,-1
115,26,506.7,216.5,4.5,6.0,0.77,1,-1,-1
116,20,534.9,219.1,11.2,29.1,0.82,1,-1,-1
116,26,506.7,216.4,4.6,6.1,0.76,1,-1,-1
117,20,534.5,221.9,11.2,28.1,0.85,1,-1,-1
117,26,506.6,216.6,4.4,5.9,0.77,1,-1,-1
118,20,533.8,222.9,11.6,28.0,0.84,1,-1,-1
118,26,506.6,216.3,4.5,6.1,0.77,1,-1,-1
119,20,533.3,223.9,12.0,28.0,0.83,1,-1,-1
119,26,506.7,216.4,4.6,6.1,0.77,1,-1,-1
120,20,533.2,225.0,12.0,28.2,0.83,1,-1,-1
120,26,506.8,216.4,5.0,6.1,0.75,1,-1,-1
120,28,540.9,212.2,7.1,23.4,0.51,1,-1,-1
121,20,532.7,225.9,12.7,28.6,0.84,1,-1,-1
121,26,507.0,216.4,5.1,6.2,0.73,1,-1,-1
121,28,540.0,212.0,7.3,22.7,0.60,1,-1,-1
122,20,532.2,227.4,11.8,28.4,0.84,1,-1,-1
122,26,507.0,216.4,5.2,6.3,0.71,1,-1,-1
122,28,540.0,213.9,7.2,22.7,0.65,1,-1,-1
123,20,531.7,227.8,12.4,29.1,0.84,1,-1,-1
123,26,507.2,216.3,5.3,6.5,0.70,1,-1,-1
123,28,540.0,215.2,7.2,23.3,0.70,1,-1,-1
124,20,531.9,229.2,12.2,29.6,0.84,1,-1,-1
124,26,507.8,216.4,5.3,6.4,0.69,1,-1,-1
124,28,540.0,216.3,7.2,24.0,0.74,1,-1,-1
125,20,531.6,229.8,12.0,30.3,0.84,1,-1,-1
125,26,508.0,216.4,6.2,7.2,0.59,1,-1,-1
125,28,539.8,217.4,6.6,24.3,0.76,1,-1,-1
125,30,618.6,241.8,21.1,47.3,0.76,1,-1,-1
126,20,528.8,230.5,13.8,31.2,0.83,1,-1,-1
126,26,508.0,216.5,6.7,6.6,0.43,1,-1,-1
126,28,539.1,218.6,6.4,24.8,0.73,1,-1,-1
126,31,609.8,243.8,29.2,54.5,0.83,1,-1,-1
127,20,527.1,231.8,14.5,30.2,0.82,1,-1,-1
127,24,509.4,216.6,6.6,10.2,0.59,1,-1,-1
127,26,508.0,216.9,7.3,8.1,0.25,1,-1,-1
127,28,538.5,219.4,6.4,28.1,0.67,1,-1,-1
127,31,601.7,242.7,27.3,54.2,0.85,1,-1,-1
128,20,527.5,231.3,13.3,31.1,0.85,1,-1,-1
128,24,510.3,216.0,6.1,14.4,0.79,1,-1,-1
128,28,538.2,220.7,6.5,26.8,0.73,1,-1,-1
128,31,593.0,241.6,28.0,57.4,0.85,1,-1,-1
129,20,527.4,231.2,13.1,31.2,0.85,1,-1,-1
129,24,511.4,216.3,5.8,14.2,0.79,1,-1,-1
129,28,537.7,221.8,7.1,26.4,0.75,1,-1,-1
129,31,582.1,242.6,31.4,55.5,0.86,1,-1,-1
130,20,526.9,231.5,13.2,31.8,0.84,1,-1,-1
130,24,512.2,216.2,5.9,14.2,0.80,1,-1,-1
130,28,537.5,224.3,6.7,25.5,0.73,1,-1,-1
130,31,575.6,239.1,26.4,58.4,0.79,1,-1,-1
131,20,525.5,231.3,14.5,32.4,0.85,1,-1,-1
131,24,513.0,216.4,6.3,14.1,0.79,1,-1,-1
131,28,537.7,225.7,6.7,26.3,0.69,1,-1,-1
131,31,563.6,242.1,31.6,55.2,0.87,1,-1,-1
132,20,526.9,231.9,13.3,32.1,0.83,1,-1,-1
132,24,513.7,216.2,6.3,14.3,0.78,1,-1,-1
132,28,537.1,226.9,7.1,25.6,0.67,1,-1,-1
132,31,554.1,240.7,28.4,56.5,0.84,1,-1,-1
133,20,527.1,231.4,13.7,32.6,0.85,1,-1,-1
133,24,514.3,216.3,6.1,14.1,0.78,1,-1,-1
133,28,536.3,229.2,7.5,27.6,0.35,1,-1,-1
133,31,545.9,241.6,29.2,56.1,0.87,1,-1,-1
134,20,526.8,232.1,12.5,32.8,0.80,1,-1,-1
134,24,515.7,216.7,6.2,12.9,0.70,1,-1,-1
134,28,537.2,229.4,7.0,15.3,0.58,1,-1,-1
134,31,535.0,242.3,27.9,55.2,0.82,1,-1,-1
135,20,526.0,232.1,12.8,34.1,0.72,1,-1,-1
135,24,516.8,215.5,7.2,14.5,0.60,1,-1,-1
135,31,526.5,242.0,27.7,55.1,0.84,1,-1,-1
136,24,517.7,215.5,6.3,14.1,0.75,1,-1,-1
136,28,536.8,231.2,8.0,24.9,0.66,1,-1,-1
136,31,516.6,244.3,32.8,51.4,0.83,1,-1,-1
137,20,527.6,232.1,10.4,30.8,0.72,1,-1,-1
137,24,518.5,215.4,5.8,13.8,0.81,1,-1,-1
137,28,536.5,232.2,7.7,27.6,0.74,1,-1,-1
137,31,509.4,241.2,28.4,54.6,0.84,1,-1,-1
138,20,526.3,231.5,12.4,34.4,0.81,1,-1,-1
138,24,519.3,215.3,5.8,13.4,0.80,1,-1,-1
138,28,536.2,232.4,7.1,27.3,0.73,1,-1,-1
138,31,502.4,240.8,29.5,54.5,0.87,1,-1,-1
139,20,524.4,232.1,13.7,34.9,0.84,1,-1,-1
139,24,520.2,215.3,6.1,13.3,0.73,1,-1,-1
139,28,536.1,232.7,6.7,26.6,0.67,1,-1,-1
139,31,493.4,241.8,27.7,54.6,0.84,1,-1,-1
140,20,523.1,232.3,15.0,36.5,0.82,1,-1,-1
140,24,522.4,215.2,6.0,12.9,0.60,1,-1,-1
140,28,535.4,232.6,7.9,27.9,0.71,1,-1,-1
140,31,484.0,239.7,26.6,56.7,0.85,1,-1,-1
141,20,522.4,232.3,14.6,37.1,0.81,1,-1,-1
141,24,523.8,215.1,5.4,12.4,0.54,1,-1,-1
141,28,535.2,232.1,7.8,28.4,0.74,1,-1,-1
141,31,474.3,242.4,31.2,54.0,0.87,1,-1,-1
142,20,522.2,232.8,14.9,37.7,0.83,1,-1,-1
142,24,524.0,214.9,5.8,11.2,0.31,1,-1,-1
142,28,535.1,232.8,7.9,27.8,0.73,1,-1,-1
142,31,465.7,241.3,28.1,54.3,0.83,1,-1,-1
143,20,521.7,232.4,14.9,38.2,0.84,1,-1,-1
143,28,534.6,232.8,8.2,28.2,0.75,1,-1,-1
143,31,454.7,240.6,29.9,54.7,0.86,1,-1,-1
144,20,520.8,234.3,14.5,37.4,0.85,1,-1,-1
144,28,534.1,232.2,8.6,29.7,0.77,1,-1,-1
144,31,449.2,241.0,25.9,55.0,0.83,1,-1,-1
145,20,518.5,233.9,15.2,38.2,0.84,1,-1,-1
145,28,533.8,233.1,8.7,30.5,0.81,1,-1,-1
145,31,439.0,239.6,23.9,56.1,0.85,1,-1,-1
146,20,518.1,234.6,15.2,38.8,0.85,1,-1,-1
146,28,533.0,232.3,9.7,32.0,0.82,1,-1,-1
146,31,431.4,239.3,28.4,57.1,0.86,1,-1,-1
147,20,518.0,234.8,15.1,38.3,0.86,1,-1,-1
147,28,532.5,232.4,9.8,31.8,0.82,1,-1,-1
147,31,423.9,239.3,22.6,55.6,0.80,1,-1,-1
148,20,517.0,235.3,14.5,38.6,0.86,1,-1,-1
148,28,532.5,232.9,8.8,31.6,0.79,1,-1,-1
148,31,411.7,240.9,28.3,54.7,0.87,1,-1,-1
149,20,514.6,235.3,16.0,39.4,0.87,1,-1,-1
149,28,531.9,233.3,9.1,31.0,0.78,1,-1,-1
149,31,406.1,240.2,21.3,54.9,0.84,1,-1,-1
150,20,513.7,235.1,17.0,41.1,0.86,1,-1,-1
150,28,531.8,234.1,9.1,31.6,0.77,1,-1,-1
150,31,394.5,241.3,26.2,52.8,0.87,1,-1,-1
151,20,513.8,235.8,17.4,41.9,0.85,1,-1,-1
151,28,531.5,232.6,8.9,34.1,0.75,1,-1,-1
151,31,386.8,242.3,27.0,52.2,0.84,1,-1,-1
152,20,513.7,235.5,15.4,42.9,0.87,1,-1,-1
152,28,531.4,235.3,8.1,32.1,0.72,1,-1,-1
152,31,378.4,240.7,21.4,53.8,0.83,1,-1,-1
152,39,533.5,214.8,6.2,23.2,0.62,1,-1,-1
153,20,511.1,235.7,17.0,43.5,0.85,1,-1,-1
153,28,529.2,233.7,9.9,35.8,0.78,1,-1,-1
153,31,368.2,243.3,26.0,51.0,0.85,1,-1,-1
153,39,535.0,214.6,5.8,22.3,0.65,1,-1,-1
154,20,509.0,235.0,19.0,45.5,0.86,1,-1,-1
154,28,528.6,233.7,10.9,35.9,0.82,1,-1,-1
154,31,360.9,240.8,21.0,53.0,0.82,1,-1,-1
154,39,535.6,213.8,6.6,23.0,0.74,1,-1,-1
155,20,508.3,236.0,20.1,45.9,0.86,1,-1,-1
155,28,528.3,233.7,10.6,37.0,0.81,1,-1,-1
155,31,350.7,241.3,27.8,52.5,0.87,1,-1,-1
155,39,535.8,213.5,7.2,24.8,0.77,1,-1,-1
156,20,507.1,235.6,18.8,46.7,0.89,1,-1,-1
156,28,527.3,233.2,11.0,38.5,0.83,1,-1,-1
156,31,344.0,241.1,21.8,51.9,0.83,1,-1,-1
156,39,536.2,213.7,7.5,24.1,0.78,1,-1,-1
157,20,505.5,237.4,18.1,45.8,0.87,1,-1,-1
157,28,525.9,234.8,10.9,38.2,0.84,1,-1,-1
157,31,331.9,242.9,26.0,50.1,0.90,1,-1,-1
157,39,537.0,213.1,7.4,24.0,0.79,1,-1,-1
158,20,501.6,236.6,20.1,47.4,0.88,1,-1,-1
158,28,524.5,233.4,11.8,40.1,0.85,1,-1,-1
158,31,325.4,241.7,26.5,52.9,0.84,1,-1,-1
158,39,537.5,213.3,7.2,23.8,0.80,1,-1,-1
159,20,499.2,236.7,20.3,48.2,0.88,1,-1,-1
159,28,522.9,234.1,12.3,39.8,0.85,1,-1,-1
159,31,315.8,240.8,23.7,52.6,0.85,1,-1,-1
159,39,538.2,212.7,7.1,24.6,0.79,1,-1,-1
160,20,497.1,237.5,21.7,49.3,0.88,1,-1,-1
160,28,522.0,235.5,11.7,39.9,0.84,1,-1,-1
160,31,305.6,242.2,30.3,50.7,0.88,1,-1,-1
160,39,538.3,212.4,7.2,24.8,0.80,1,-1,-1
161,20,495.5,236.7,20.3,51.1,0.88,1,-1,-1
161,28,520.8,234.6,11.8,40.9,0.84,1,-1,-1
161,31,298.0,240.6,23.5,50.7,0.87,1,-1,-1
161,39,538.3,213.3,6.9,24.0,0.79,1,-1,-1
162,20,492.3,238.6,18.5,49.9,0.89,1,-1,-1
162,28,518.7,236.1,12.7,41.4,0.87,1,-1,-1
162,31,291.4,241.3,24.7,50.3,0.85,1,-1,-1
162,39,538.0,212.9,7.2,24.4,0.81,1,-1,-1
163,20,486.8,238.9,20.9,50.8,0.89,1,-1,-1
163,28,517.0,235.9,13.0,40.9,0.86,1,-1,-1
163,31,281.0,242.1,23.4,48.6,0.84,1,-1,-1
163,39,537.8,213.1,7.4,25.5,0.82,1,-1,-1
163,41,0.3,232.1,73.2,209.3,0.89,1,-1,-1
164,20,481.6,239.4,23.7,51.3,0.90,1,-1,-1
164,28,515.8,235.5,13.4,43.5,0.85,1,-1,-1
164,31,274.8,241.3,23.5,50.0,0.86,1,-1,-1
164,39,538.1,214.5,7.4,25.4,0.83,1,-1,-1
164,42,0.0,225.0,97.3,287.0,0.79,1,-1,-1
165,20,477.4,241.3,25.1,52.0,0.90,1,-1,-1
165,28,514.5,236.5,12.9,43.6,0.86,1,-1,-1
165,31,263.4,242.1,27.5,47.8,0.86,1,-1,-1
165,39,537.9,215.1,7.9,25.6,0.83,1,-1,-1
165,43,22.5,225.3,102.5,269.5,0.75,1,-1,-1
166,20,476.5,240.3,21.5,53.4,0.90,1,-1,-1
166,28,512.7,235.6,12.9,44.4,0.84,1,-1,-1
166,31,256.5,240.8,21.5,48.4,0.86,1,-1,-1
166,39,537.8,216.7,8.0,26.9,0.81,1,-1,-1
166,45,62.9,245.3,78.1,247.6,0.83,1,-1,-1
167,20,472.2,242.2,20.5,52.7,0.88,1,-1,-1
167,28,510.4,236.4,13.6,44.8,0.85,1,-1,-1
167,31,248.2,242.3,25.2,48.0,0.85,1,-1,-1
167,39,537.9,217.8,7.7,26.3,0.81,1,-1,-1
167,47,94.7,238.3,77.6,227.2,0.79,1,-1,-1
168,20,465.0,241.8,25.1,53.5,0.90,1,-1,-1
168,28,508.6,235.8,14.1,45.6,0.86,1,-1,-1
168,31,242.1,241.2,24.0,46.3,0.86,1,-1,-1
168,39,538.0,218.8,7.8,26.0,0.82,1,-1,-1
168,48,127.4,242.1,93.0,215.9,0.90,1,-1,-1
169,20,459.6,242.2,27.9,54.7,0.92,1,-1,-1
169,28,506.4,236.5,14.7,46.2,0.86,1,-1,-1
169,31,235.5,240.7,25.3,47.0,0.84,1,-1,-1
169,39,537.8,219.3,7.9,26.5,0.81,1,-1,-1
169,48,145.4,245.7,95.0,207.7,0.91,1,-1,-1
169,51,141.6,227.1,45.0,179.0,0.84,1,-1,-1
170,20,455.9,241.8,27.5,56.5,0.89,1,-1,-1
170,28,504.3,237.6,13.7,46.2,0.84,1,-1,-1
170,39,537.3,220.0,8.3,27.6,0.82,1,-1,-1
170,52,161.2,231.6,64.7,175.6,0.89,1,-1,-1
170,53,200.1,239.9,60.2,200.5,0.87,1,-1,-1
170,54,619.0,238.8,20.7,55.0,0.76,1,-1,-1
171,20,452.2,242.1,22.7,56.9,0.91,1,-1,-1
171,28,500.5,238.4,15.2,47.2,0.87,1,-1,-1
171,39,537.1,221.3,8.0,27.4,0.81,1,-1,-1
171,52,179.6,232.9,67.5,168.7,0.88,1,-1,-1
171,55,221.7,250.6,63.9,187.3,0.89,1,-1,-1
171,56,615.9,236.6,16.3,56.7,0.79,1,-1,-1
172,20,447.1,241.5,22.2,59.1,0.89,1,-1,-1
172,28,496.6,239.7,17.1,47.2,0.88,1,-1,-1
172,39,537.1,223.2,8.1,26.2,0.81,1,-1,-1
172,58,210.2,228.9,49.8,168.2,0.92,1,-1,-1
172,59,598.7,235.9,26.1,57.1,0.91,1,-1,-1
172,60,256.6,241.3,51.2,174.9,0.89,1,-1,-1
173,20,440.2,241.6,26.5,59.9,0.89,1,-1,-1
173,28,492.2,238.3,16.4,49.9,0.89,1,-1,-1
173,31,210.2,240.6,22.1,45.3,0.81,1,-1,-1
173,39,536.9,224.9,8.4,27.3,0.81,1,-1,-1
173,58,227.9,235.1,54.9,159.9,0.91,1,-1,-1
173,59,592.4,236.2,26.0,56.3,0.88,1,-1,-1
173,60,264.4,247.5,75.4,166.7,0.93,1,-1,-1
174,20,434.3,242.0,28.4,62.4,0.90,1,-1,-1
174,28,489.2,239.0,16.8,50.8,0.86,1,-1,-1
174,31,206.2,242.0,21.5,41.9,0.86,1,-1,-1
174,39,536.2,226.7,8.7,26.7,0.81,1,-1,-1
174,58,246.6,232.3,52.7,150.5,0.94,1,-1,-1
174,60,298.4,242.7,52.1,160.7,0.91,1,-1,-1
174,61,586.2,235.5,15.6,56.8,0.84,1,-1,-1
175,20,428.1,240.3,24.3,65.2,0.90,1,-1,-1
175,28,483.9,239.7,17.4,51.2,0.89,1,-1,-1
175,31,200.9,240.3,19.3,41.7,0.83,1,-1,-1
175,39,536.2,227.5,8.5,27.2,0.83,1,-1,-1
175,58,261.3,235.2,65.5,144.3,0.94,1,-1,-1
175,60,318.6,244.6,50.6,158.5,0.92,1,-1,-1
175,62,568.5,236.7,29.6,56.5,0.91,1,-1,-1
176,20,419.9,241.3,27.9,65.8,0.90,1,-1,-1
176,28,478.5,239.2,19.6,52.8,0.88,1,-1,-1
176,31,195.8,241.9,20.0,42.1,0.86,1,-1,-1
176,39,535.7,228.6,9.1,27.3,0.86,1,-1,-1
176,58,275.4,237.1,53.8,138.3,0.93,1,-1,-1
176,60,334.9,245.3,44.2,145.3,0.92,1,-1,-1
176,64,564.9,235.4,17.0,57.7,0.83,1,-1,-1
177,20,410.4,240.8,27.1,66.4,0.90,1,-1,-1
177,28,474.1,241.2,20.2,52.5,0.90,1,-1,-1
177,31,188.7,241.8,20.2,39.8,0.84,1,-1,-1
177,39,535.2,229.1,9.2,28.3,0.86,1,-1,-1
177,58,295.7,233.8,55.5,136.9,0.94,1,-1,-1
177,60,348.6,244.2,48.4,140.9,0.90,1,-1,-1
177,66,546.4,237.2,29.1,55.2,0.92,1,-1,-1
178,20,405.1,241.2,27.1,69.9,0.90,1,-1,-1
178,28,469.0,239.6,18.0,54.9,0.87,1,-1,-1
178,31,184.7,242.7,19.9,40.6,0.82,1,-1,-1
178,39,534.0,230.3,8.0,27.3,0.81,1,-1,-1
178,58,308.6,236.4,55.0,133.2,0.92,1,-1,-1
178,60,355.5,245.3,53.0,132.7,0.93,1,-1,-1
178,66,541.8,237.0,22.7,54.7,0.84,1,-1,-1
179,28,464.6,241.2,18.3,54.9,0.86,1,-1,-1
179,31,178.7,244.0,18.1,39.5,0.84,1,-1,-1
179,39,532.7,230.9,9.9,20.9,0.32,1,-1,-1
179,58,323.8,233.8,43.0,126.2,0.94,1,-1,-1
179,60,377.0,240.6,45.7,131.9,0.93,1,-1,-1
179,68,530.0,236.0,20.5,56.1,0.88,1,-1,-1
180,20,379.6,242.2,25.0,71.5,0.79,1,-1,-1
180,28,457.8,239.7,19.0,57.1,0.90,1,-1,-1
180,31,172.8,243.8,17.6,39.8,0.83,1,-1,-1
180,39,533.3,231.8,8.5,27.3,0.79,1,-1,-1
180,58,333.6,237.4,50.4,121.5,0.91,1,-1,-1
180,60,390.1,246.6,38.7,124.3,0.91,1,-1,-1
180,70,516.1,237.7,29.4,54.4,0.91,1,-1,-1
181,20,380.3,239.3,22.1,74.0,0.71,1,-1,-1
181,28,449.9,241.4,21.8,56.9,0.90,1,-1,-1
181,31,168.0,244.8,18.1,38.3,0.83,1,-1,-1
181,39,532.2,231.5,9.2,30.2,0.84,1,-1,-1
181,58,349.6,236.8,42.1,115.2,0.92,1,-1,-1
181,60,400.8,242.0,35.8,119.4,0.90,1,-1,-1
181,72,509.6,236.6,16.8,55.9,0.81,1,-1,-1
182,28,446.1,240.1,20.4,59.0,0.88,1,-1,-1
182,31,162.8,244.0,19.4,37.1,0.83,1,-1,-1
182,39,530.6,231.6,9.9,30.2,0.83,1,-1,-1
182,58,358.3,235.6,48.8,115.0,0.91,1,-1,-1
182,60,404.3,245.8,40.1,115.2,0.92,1,-1,-1
182,72,491.2,237.0,33.0,55.6,0.92,1,-1,-1
182,74,3.3,238.7,5.3,11.2,0.73,1,-1,-1
183,20,350.0,241.1,27.2,77.3,0.89,1,-1,-1
183,28,444.6,241.9,14.0,57.6,0.54,1,-1,-1
183,31,156.4,245.1,18.4,37.5,0.84,1,-1,-1
183,39,529.1,231.8,10.2,30.8,0.86,1,-1,-1
183,58,373.5,236.6,40.6,109.7,0.93,1,-1,-1
183,60,420.6,240.6,34.0,110.0,0.91,1,-1,-1
183,75,484.3,236.9,18.3,54.7,0.80,1,-1,-1
184,20,336.1,240.0,35.8,80.8,0.92,1,-1,-1
184,31,153.1,243.9,17.1,37.8,0.83,1,-1,-1
184,39,528.7,231.6,9.8,31.3,0.85,1,-1,-1
184,58,381.0,233.8,37.6,107.7,0.93,1,-1,-1
184,60,428.4,242.5,34.5,107.8,0.92,1,-1,-1
184,77,465.9,237.8,31.9,54.2,0.91,1,-1,-1
185,20,330.7,241.3,35.2,81.7,0.92,1,-1,-1
185,28,424.9,240.8,20.2,62.0,0.82,1,-1,-1
185,31,148.8,244.8,16.7,39.6,0.79,1,-1,-1
185,39,528.5,232.2,9.7,30.6,0.86,1,-1,-1
185,58,387.0,236.4,40.1,103.4,0.92,1,-1,-1
185,60,436.4,244.4,30.4,97.7,0.89,1,-1,-1
185,77,461.8,237.9,23.8,53.4,0.79,1,-1,-1
185,80,623.6,241.8,16.3,57.4,0.81,1,-1,-1
185,81,1.0,227.0,89.4,268.7,0.79,1,-1,-1
186,20,316.6,239.9,34.7,83.3,0.93,1,-1,-1
186,28,427.8,244.3,14.5,58.7,0.64,1,-1,-1
186,31,143.7,244.7,16.9,37.3,0.85,1,-1,-1
186,39,528.3,231.5,9.9,31.9,0.86,1,-1,-1
186,58,399.6,236.4,36.1,98.8,0.90,1,-1,-1
186,60,441.8,237.9,31.1,102.3,0.92,1,-1,-1
186,80,621.0,240.7,14.6,58.2,0.80,1,-1,-1
186,81,0.4,233.5,124.4,256.3,0.90,1,-1,-1
187,20,303.2,241.5,41.0,84.7,0.94,1,-1,-1
187,31,139.4,244.3,16.6,37.2,0.82,1,-1,-1
187,39,527.9,232.2,10.0,31.0,0.86,1,-1,-1
187,58,406.8,235.7,35.3,98.0,0.91,1,-1,-1
187,60,441.0,243.3,41.5,95.2,0.91,1,-1,-1
187,81,46.6,226.9,82.3,244.6,0.86,1,-1,-1
187,83,601.5,238.7,30.9,60.2,0.89,1,-1,-1
187,85,520.1,220.5,4.4,8.2,0.62,1,-1,-1
188,20,298.2,240.6,33.2,85.7,0.93,1,-1,-1
188,28,399.0,242.8,24.1,65.4,0.84,1,-1,-1
188,39,527.3,232.3,10.2,31.1,0.85,1,-1,-1
188,58,410.3,236.6,37.4,93.5,0.90,1,-1,-1
188,60,455.6,241.6,32.7,92.3,0.94,1,-1,-1
188,81,73.3,232.4,115.4,236.2,0.92,1,-1,-1
188,83,600.8,238.5,23.8,60.4,0.87,1,-1,-1
188,85,519.8,220.9,4.4,7.9,0.60,1,-1,-1
189,20,280.7,242.9,41.6,85.2,0.93,1,-1,-1
189,28,389.5,243.5,23.0,66.5,0.88,1,-1,-1
189,39,526.6,232.0,10.4,31.2,0.84,1,-1,-1
189,58,417.2,235.9,33.2,90.9,0.90,1,-1,-1
189,60,459.7,244.2,32.0,88.3,0.92,1,-1,-1
189,81,105.1,235.8,93.1,227.5,0.92,1,-1,-1
189,85,519.2,220.7,4.8,8.2,0.65,1,-1,-1
189,86,590.9,238.6,20.9,61.4,0.87,1,-1,-1
190,20,273.0,243.1,40.3,88.9,0.92,1,-1,-1
190,28,369.6,242.3,35.0,68.8,0.91,1,-1,-1
190,31,127.9,246.9,10.6,17.1,0.72,1,-1,-1
190,39,525.9,232.4,10.3,31.5,0.85,1,-1,-1
190,58,425.2,237.9,32.1,88.0,0.92,1,-1,-1
190,60,467.1,242.6,29.3,84.8,0.91,1,-1,-1
190,81,140.5,231.9,83.7,215.6,0.92,1,-1,-1
190,85,518.6,220.9,5.5,8.1,0.60,1,-1,-1
190,86,577.2,240.9,31.3,58.6,0.89,1,-1,-1
190,88,402.0,236.6,18.2,54.9,0.84,1,-1,-1
191,20,258.3,241.8,37.7,92.2,0.93,1,-1,-1
191,28,362.0,243.7,34.5,69.1,0.90,1,-1,-1
191,31,122.9,245.8,13.3,21.0,0.80,1,-1,-1
191,39,524.6,232.0,10.4,32.1,0.84,1,-1,-1
191,58,433.9,236.3,32.2,86.1,0.92,1,-1,-1
191,60,472.5,243.4,26.5,83.4,0.88,1,-1,-1
191,81,149.0,237.9,100.5,206.6,0.93,1,-1,-1
191,85,518.2,220.8,5.8,8.3,0.59,1,-1,-1
191,88,388.1,237.7,27.5,54.3,0.88,1,-1,-1
191,89,575.8,238.2,17.7,61.4,0.84,1,-1,-1
192,20,246.3,244.7,40.7,97.9,0.91,1,-1,-1
192,28,353.0,241.7,24.9,71.8,0.89,1,-1,-1
192,31,119.5,247.0,10.8,17.9,0.83,1,-1,-1
192,39,523.5,232.5,10.3,32.9,0.83,1,-1,-1
192,58,438.3,237.2,34.0,84.8,0.94,1,-1,-1
192,60,478.5,242.1,28.0,80.0,0.92,1,-1,-1
192,81,191.4,233.1,71.6,193.9,0.92,1,-1,-1
192,85,517.8,221.8,6.2,6.9,0.40,1,-1,-1
192,88,378.5,237.5,22.4,53.3,0.84,1,-1,-1
192,90,556.6,238.2,30.0,60.7,0.89,1,-1,-1
193,28,337.5,242.4,33.4,74.5,0.92,1,-1,-1
193,31,115.8,245.4,11.9,21.5,0.84,1,-1,-1
193,39,522.0,232.8,10.5,32.3,0.83,1,-1,-1
193,58,442.4,236.6,32.7,82.7,0.92,1,-1,-1
193,60,478.6,242.5,33.0,78.6,0.92,1,-1,-1
193,81,212.8,235.7,82.4,186.0,0.93,1,-1,-1
193,85,517.1,222.5,6.9,6.7,0.14,1,-1,-1
193,88,363.3,237.6,25.8,53.9,0.87,1,-1,-1
193,90,553.9,237.4,26.5,61.4,0.90,1,-1,-1
194,20,204.4,243.5,44.9,98.9,0.92,1,-1,-1
194,28,325.8,241.7,29.1,75.7,0.90,1,-1,-1
194,31,111.9,247.4,11.1,18.6,0.80,1,-1,-1
194,39,521.0,232.5,10.5,33.1,0.85,1,-1,-1
194,58,448.8,236.0,29.1,79.9,0.91,1,-1,-1
194,60,482.8,243.2,32.9,74.4,0.91,1,-1,-1
194,81,232.7,236.3,67.2,178.5,0.92,1,-1,-1
194,88,353.3,237.5,25.9,53.5,0.86,1,-1,-1
194,91,543.9,239.1,20.8,60.0,0.86,1,-1,-1
195,20,195.0,242.1,39.4,100.4,0.92,1,-1,-1
195,28,315.8,241.3,31.3,77.1,0.91,1,-1,-1
195,31,108.5,246.0,11.0,21.6,0.85,1,-1,-1
195,39,519.9,233.3,10.6,33.0,0.84,1,-1,-1
195,58,453.9,238.8,29.7,76.4,0.92,1,-1,-1
195,60,494.3,242.7,22.6,72.7,0.88,1,-1,-1
195,81,261.3,235.0,59.5,169.1,0.93,1,-1,-1
195,88,343.4,237.3,20.0,53.3,0.84,1,-1,-1
195,91,529.5,240.6,33.4,59.1,0.90,1,-1,-1
195,93,515.5,221.7,4.1,8.2,0.71,1,-1,-1
196,20,177.4,242.5,41.7,100.7,0.92,1,-1,-1
196,31,105.8,246.8,10.7,20.9,0.83,1,-1,-1
196,39,518.8,232.6,11.5,32.4,0.81,1,-1,-1
196,58,462.5,237.8,29.0,74.4,0.92,1,-1,-1
196,60,495.3,243.7,24.2,71.0,0.88,1,-1,-1
196,81,261.1,239.0,79.2,164.1,0.93,1,-1,-1
196,85,514.7,221.3,4.5,8.6,0.71,1,-1,-1
196,88,334.2,237.8,25.2,51.4,0.83,1,-1,-1
196,94,528.0,239.4,22.2,59.0,0.85,1,-1,-1
197,20,162.2,242.4,46.4,104.3,0.92,1,-1,-1
197,28,287.4,243.7,26.9,83.6,0.83,1,-1,-1
197,31,101.0,247.2,11.5,20.6,0.82,1,-1,-1
197,58,466.6,238.2,30.5,73.6,0.92,1,-1,-1
197,60,502.6,241.3,27.5,70.5,0.86,1,-1,-1
197,81,297.2,237.5,55.8,156.0,0.90,1,-1,-1
197,85,514.0,221.3,4.2,8.6,0.74,1,-1,-1
197,95,521.6,237.4,16.8,61.9,0.71,1,-1,-1
198,20,142.0,241.3,42.6,105.8,0.93,1,-1,-1
198,28,271.8,243.8,37.9,80.8,0.92,1,-1,-1
198,31,98.8,244.7,9.6,22.9,0.83,1,-1,-1
198,58,472.7,238.8,27.1,69.2,0.89,1,-1,-1
198,60,501.6,239.2,31.9,71.6,0.88,1,-1,-1
198,81,314.3,236.2,57.0,151.9,0.92,1,-1,-1
198,85,513.2,221.3,4.2,8.8,0.68,1,-1,-1
199,20,119.8,243.1,58.6,107.0,0.94,1,-1,-1
199,28,254.8,243.1,33.8,82.3,0.91,1,-1,-1
199,31,94.8,245.9,11.3,22.2,0.82,1,-1,-1
199,58,479.4,237.9,26.5,69.8,0.88,1,-1,-1
199,60,509.7,237.1,24.6,70.6,0.85,1,-1,-1
199,81,323.4,240.6,61.5,144.8,0.92,1,-1,-1
199,85,512.6,221.6,3.9,7.8,0.47,1,-1,-1
199,88,301.4,237.3,14.8,51.6,0.80,1,-1,-1
200,20,103.9,240.9,41.4,108.7,0.92,1,-1,-1
200,28,235.6,245.5,48.0,82.1,0.93,1,-1,-1
200,31,91.1,244.6,11.7,26.3,0.78,1,-1,-1
200,39,513.5,233.9,12.4,36.3,0.66,1,-1,-1
200,58,482.5,239.2,27.3,67.2,0.87,1,-1,-1
200,60,515.8,241.7,21.3,64.7,0.87,1,-1,-1
200,81,351.7,236.1,46.3,138.5,0.93,1,-1,-1
200,85,512.0,221.6,4.1,8.0,0.35,1,-1,-1
200,88,285.9,239.2,27.2,50.2,0.88,1,-1,-1
201,20,79.2,243.9,55.0,110.1,0.92,1,-1,-1
201,28,222.3,243.4,34.8,85.7,0.91,1,-1,-1
201,39,513.9,233.3,11.7,37.1,0.74,1,-1,-1
201,58,490.2,237.6,26.6,67.4,0.86,1,-1,-1
201,60,521.4,242.4,21.9,62.8,0.89,1,-1,-1
201,81,351.7,240.8,65.1,132.9,0.94,1,-1,-1
201,85,511.7,222.7,4.4,7.0,0.17,1,-1,-1
201,88,280.8,238.1,15.4,49.9,0.81,1,-1,-1
201,97,478.9,240.0,15.0,58.4,0.74,1,-1,-1
202,20,63.2,242.9,44.2,112.4,0.89,1,-1,-1
202,28,203.8,245.0,44.8,88.0,0.94,1,-1,-1
202,31,87.0,245.2,9.0,18.1,0.63,1,-1,-1
202,39,512.6,234.1,12.8,36.5,0.69,1,-1,-1
202,58,493.4,239.4,26.3,64.4,0.85,1,-1,-1
202,60,524.4,241.8,23.6,62.5,0.90,1,-1,-1
202,81,368.5,240.1,56.5,128.2,0.94,1,-1,-1
202,88,264.7,237.6,26.1,49.9,0.89,1,-1,-1
202,98,462.8,239.5,26.5,59.5,0.87,1,-1,-1
203,20,33.4,243.7,60.8,111.0,0.91,1,-1,-1
203,28,185.2,246.2,37.1,87.4,0.91,1,-1,-1
203,31,85.3,245.4,7.2,28.5,0.66,1,-1,-1
203,39,513.0,233.8,10.2,36.7,0.52,1,-1,-1
203,58,498.0,237.8,24.1,63.8,0.87,1,-1,-1
203,60,524.8,243.0,25.2,59.2,0.90,1,-1,-1
203,81,393.6,239.9,46.6,120.6,0.93,1,-1,-1
203,88,259.8,238.2,18.7,49.1,0.86,1,-1,-1
203,99,456.1,237.6,23.3,59.4,0.88,1,-1,-1
204,20,21.8,245.0,54.9,112.4,0.92,1,-1,-1
204,28,165.5,245.1,46.8,89.2,0.93,1,-1,-1
204,31,76.2,244.9,10.7,21.2,0.78,1,-1,-1
204,39,512.0,234.6,11.5,22.1,0.11,1,-1,-1
204,58,500.3,237.5,24.2,63.0,0.88,1,-1,-1
204,60,531.0,242.3,19.3,58.2,0.90,1,-1,-1
204,81,399.1,241.7,43.2,117.2,0.92,1,-1,-1
204,88,252.0,237.3,16.8,49.9,0.87,1,-1,-1
204,100,448.8,236.6,19.1,60.6,0.85,1,-1,-1
205,20,3.5,243.9,44.3,114.8,0.92,1,-1,-1
205,28,152.2,247.8,51.1,89.4,0.92,1,-1,-1
205,31,73.8,244.2,11.8,21.9,0.78,1,-1,-1
205,58,504.8,237.6,23.1,61.4,0.88,1,-1,-1
205,60,534.6,242.9,18.0,56.7,0.89,1,-1,-1
205,81,415.8,237.5,36.2,112.2,0.92,1,-1,-1
205,88,242.2,238.7,22.9,47.0,0.87,1,-1,-1
205,100,442.4,238.8,23.0,60.3,0.83,1,-1,-1
206,20,0.0,246.1,41.3,114.7,0.92,1,-1,-1
206,28,134.2,244.9,37.9,93.9,0.91,1,-1,-1
206,31,71.5,245.0,12.9,21.6,0.84,1,-1,-1
206,58,508.4,237.3,22.8,60.7,0.89,1,-1,-1
206,60,537.4,242.3,20.6,55.8,0.90,1,-1,-1
206,81,410.9,239.4,49.1,109.3,0.94,1,-1,-1
206,88,236.3,237.2,14.5,47.8,0.83,1,-1,-1
207,28,116.3,247.4,52.7,94.7,0.93,1,-1,-1
207,31,69.7,243.8,13.1,22.4,0.83,1,-1,-1
207,58,509.9,239.8,22.0,57.6,0.87,1,-1,-1
207,60,536.5,242.8,21.9,54.8,0.90,1,-1,-1
207,81,426.4,239.5,38.6,101.1,0.90,1,-1,-1
207,88,222.5,238.1,24.9,47.3,0.90,1,-1,-1
207,102,417.5,237.9,22.5,60.5,0.77,1,-1,-1
208,28,97.9,245.1,40.4,97.4,0.91,1,-1,-1
208,31,66.8,244.4,14.5,21.6,0.87,1,-1,-1
208,39,505.6,235.4,11.0,41.2,0.75,1,-1,-1
208,58,513.0,237.8,20.6,58.0,0.89,1,-1,-1
208,60,537.5,243.2,20.8,53.0,0.91,1,-1,-1
208,81,436.7,238.0,31.7,101.2,0.91,1,-1,-1
208,88,220.1,237.8,16.0,47.5,0.86,1,-1,-1
208,105,407.2,239.2,30.1,57.1,0.89,1,-1,-1
208,106,632.3,232.2,7.5,34.2,0.70,1,-1,-1
209,28,75.7,246.3,56.8,98.8,0.92,1,-1,-1
209,31,63.6,243.7,14.4,22.9,0.81,1,-1,-1
209,39,504.7,235.6,11.9,42.2,0.81,1,-1,-1
209,58,515.4,238.8,20.9,56.1,0.88,1,-1,-1
209,60,541.8,242.1,17.7,53.4,0.89,1,-1,-1
209,81,441.9,241.4,31.9,95.8,0.92,1,-1,-1
209,88,211.6,238.5,16.9,47.3,0.86,1,-1,-1
209,107,403.7,237.5,17.0,58.1,0.85,1,-1,-1
210,28,63.0,245.2,51.0,101.2,0.91,1,-1,-1
210,39,504.1,236.6,12.4,42.8,0.84,1,-1,-1
210,58,519.0,238.7,20.1,54.3,0.89,1,-1,-1
210,60,543.9,243.5,16.7,50.4,0.89,1,-1,-1
210,81,448.7,238.7,31.1,93.0,0.92,1,-1,-1
210,88,207.1,239.3,18.2,44.4,0.87,1,-1,-1
210,109,385.6,238.2,30.3,57.4,0.92,1,-1,-1
210,110,629.0,238.6,10.7,30.8,0.62,1,-1,-1
211,28,47.8,244.7,41.3,103.3,0.92,1,-1,-1
211,39,502.7,235.9,13.2,43.6,0.83,1,-1,-1
211,58,520.9,237.1,20.6,55.3,0.87,1,-1,-1
211,60,545.1,241.4,19.1,50.6,0.90,1,-1,-1
211,81,453.2,238.7,32.0,93.1,0.93,1,-1,-1
211,88,202.2,238.1,12.8,43.8,0.84,1,-1,-1
211,109,381.9,238.3,29.6,58.1,0.91,1,-1,-1
211,110,628.5,238.9,11.2,31.3,0.75,1,-1,-1
211,111,627.3,230.1,10.9,14.0,0.61,1,-1,-1
212,28,25.5,248.7,56.3,101.9,0.92,1,-1,-1
212,31,56.5,243.8,13.3,23.6,0.80,1,-1,-1
212,39,500.6,236.9,14.3,43.1,0.84,1,-1,-1
212,58,522.0,237.4,19.6,54.2,0.88,1,-1,-1
212,60,544.3,241.3,18.5,50.4,0.88,1,-1,-1
212,81,458.9,240.0,31.6,85.1,0.92,1,-1,-1
212,88,192.0,239.2,20.7,45.1,0.88,1,-1,-1
212,110,625.6,239.7,10.7,30.5,0.77,1,-1,-1
212,111,625.8,230.7,11.3,13.8,0.61,1,-1,-1
212,112,378.4,238.0,16.6,57.8,0.86,1,-1,-1
213,28,3.9,246.4,41.0,103.8,0.90,1,-1,-1
213,31,53.6,244.5,13.9,22.3,0.85,1,-1,-1
213,39,498.2,236.4,14.7,45.3,0.85,1,-1,-1
213,58,524.0,236.0,18.8,53.0,0.89,1,-1,-1
213,60,545.9,240.6,16.9,47.9,0.90,1,-1,-1
213,81,464.2,238.2,26.8,86.1,0.91,1,-1,-1
213,88,188.3,239.7,14.9,43.9,0.86,1,-1,-1
213,110,620.9,239.0,12.2,31.2,0.74,1,-1,-1
213,111,622.2,230.2,11.0,15.0,0.69,1,-1,-1
213,112,362.8,238.8,28.0,56.9,0.92,1,-1,-1
214,28,0.1,248.7,43.2,102.6,0.92,1,-1,-1
214,31,51.5,243.8,13.2,23.2,0.84,1,-1,-1
214,39,496.6,236.6,13.9,45.6,0.86,1,-1,-1
214,58,526.7,236.4,19.0,52.0,0.88,1,-1,-1
214,60,548.4,240.6,16.0,47.6,0.89,1,-1,-1
214,81,468.2,240.0,27.0,83.3,0.89,1,-1,-1
214,88,181.8,240.1,15.9,43.8,0.85,1,-1,-1
214,110,618.2,239.3,11.9,32.0,0.69,1,-1,-1
214,111,617.9,230.4,13.4,15.2,0.60,1,-1,-1
214,113,359.9,238.0,16.4,56.0,0.82,1,-1,-1
215,31,48.7,244.4,13.4,23.0,0.85,1,-1,-1
215,39,497.5,237.5,12.9,48.9,0.77,1,-1,-1
215,58,529.0,236.6,17.9,51.0,0.89,1,-1,-1
215,60,550.0,240.0,16.0,46.6,0.86,1,-1,-1
215,81,476.4,237.7,28.6,81.2,0.89,1,-1,-1
215,88,176.8,241.9,15.6,40.7,0.83,1,-1,-1
215,110,617.0,239.9,11.3,31.5,0.79,1,-1,-1
215,111,616.4,230.1,12.0,14.9,0.58,1,-1,-1
215,114,342.4,238.2,29.0,56.2,0.90,1,-1,-1
215,115,0.0,244.4,13.7,107.5,0.81,1,-1,-1
216,31,46.6,243.6,13.7,23.8,0.86,1,-1,-1
216,39,497.6,236.9,12.0,45.6,0.59,1,-1,-1
216,58,530.4,235.7,16.5,50.2,0.88,1,-1,-1
216,60,549.5,239.0,15.8,47.2,0.87,1,-1,-1
216,81,481.6,239.4,26.3,78.9,0.89,1,-1,-1
216,88,169.7,240.7,16.0,43.7,0.83,1,-1,-1
216,110,614.2,240.4,11.4,31.7,0.78,1,-1,-1
216,111,612.1,230.8,13.6,16.2,0.59,1,-1,-1
216,114,338.8,238.8,26.7,54.7,0.91,1,-1,-1
217,31,45.4,245.3,12.4,22.1,0.86,1,-1,-1
217,58,530.8,236.2,16.1,49.5,0.87,1,-1,-1
217,60,548.6,239.4,15.6,45.2,0.90,1,-1,-1
217,81,487.5,238.5,25.9,76.8,0.90,1,-1,-1
217,88,162.7,242.3,19.5,41.6,0.87,1,-1,-1
217,110,611.5,239.8,11.9,33.2,0.79,1,-1,-1
217,111,609.9,230.8,14.6,17.0,0.60,1,-1,-1
217,114,335.9,237.8,16.4,56.1,0.85,1,-1,-1
218,31,43.3,243.7,12.3,23.7,0.87,1,-1,-1
218,39,488.5,238.3,10.5,45.6,0.51,1,-1,-1
218,58,531.0,235.0,16.3,48.8,0.89,1,-1,-1
218,60,549.3,238.1,15.8,45.8,0.87,1,-1,-1
218,81,492.3,238.3,24.2,75.2,0.87,1,-1,-1
218,88,157.3,240.8,14.1,42.6,0.81,1,-1,-1
218,110,606.5,238.8,13.5,35.0,0.80,1,-1,-1
218,111,607.3,230.1,14.7,16.4,0.58,1,-1,-1
218,114,321.3,239.4,26.1,54.2,0.90,1,-1,-1
219,31,41.3,244.8,12.4,22.7,0.87,1,-1,-1
219,39,484.8,239.0,15.7,49.0,0.85,1,-1,-1
219,58,531.6,236.0,17.3,46.4,0.89,1,-1,-1
219,60,550.8,238.6,15.1,43.9,0.86,1,-1,-1
219,81,496.2,240.7,24.5,72.5,0.85,1,-1,-1
219,88,151.4,242.6,15.9,40.6,0.84,1,-1,-1
219,110,605.9,240.4,13.0,34.0,0.79,1,-1,-1
219,111,603.4,231.6,16.7,16.5,0.62,1,-1,-1
219,114,320.3,239.3,16.0,53.3,0.85,1,-1,-1
220,31,39.2,243.8,12.1,23.3,0.84,1,-1,-1
220,39,483.3,240.9,15.6,49.1,0.87,1,-1,-1
220,58,532.6,236.1,17.1,45.7,0.88,1,-1,-1
220,60,551.6,238.1,15.6,43.3,0.88,1,-1,-1
220,81,503.3,238.1,24.4,72.1,0.87,1,-1,-1
220,88,146.9,241.0,12.7,41.0,0.83,1,-1,-1
220,110,604.4,239.8,11.8,33.8,0.78,1,-1,-1
220,111,600.9,230.9,16.8,19.5,0.59,1,-1,-1
220,114,305.3,240.2,24.7,52.9,0.89,1,-1,-1
221,31,37.0,243.1,12.0,23.8,0.82,1,-1,-1
221,39,479.1,240.4,16.2,50.9,0.87,1,-1,-1
221,58,533.0,235.4,16.1,45.3,0.88,1,-1,-1
221,60,550.2,238.3,14.1,42.6,0.87,1,-1,-1
221,81,505.8,240.4,23.3,69.0,0.87,1,-1,-1
221,88,140.8,241.5,15.6,42.3,0.83,1,-1,-1
221,110,601.1,239.7,11.5,36.2,0.76,1,-1,-1
221,111,598.6,231.6,18.2,20.2,0.56,1,-1,-1
221,114,299.6,240.5,27.0,51.9,0.88,1,-1,-1
222,31,35.8,244.9,11.2,22.0,0.84,1,-1,-1
222,39,473.1,242.0,19.0,50.2,0.89,1,-1,-1
222,58,532.7,235.7,15.9,44.1,0.88,1,-1,-1
222,60,549.9,238.8,13.7,41.2,0.88,1,-1,-1
222,81,508.3,240.3,21.9,65.8,0.87,1,-1,-1
222,88,136.1,241.4,14.1,38.0,0.74,1,-1,-1
222,110,595.0,238.3,15.9,38.3,0.81,1,-1,-1
222,111,597.9,232.0,17.8,20.8,0.11,1,-1,-1
222,114,298.0,241.2,13.1,50.1,0.77,1,-1,-1
223,31,32.2,244.1,12.7,23.1,0.81,1,-1,-1
223,39,469.6,240.5,17.2,52.6,0.87,1,-1,-1
223,58,532.8,234.7,15.7,44.5,0.89,1,-1,-1
223,60,550.0,237.3,14.3,42.1,0.88,1,-1,-1
223,81,510.4,238.8,20.8,66.4,0.88,1,-1,-1
223,88,130.3,240.8,12.5,25.0,0.79,1,-1,-1
223,110,589.3,236.0,16.0,41.7,0.78,1,-1,-1
223,111,600.9,230.8,12.2,42.7,0.69,1,-1,-1
223,114,284.0,241.5,24.2,50.7,0.89,1,-1,-1
224,31,31.3,244.3,11.7,22.0,0.82,1,-1,-1
224,39,465.7,240.8,16.7,53.1,0.87,1,-1,-1
224,58,533.2,235.8,16.2,42.5,0.87,1,-1,-1
224,60,551.4,237.9,14.3,40.3,0.84,1,-1,-1
224,81,511.7,240.5,18.8,64.2,0.87,1,-1,-1
224,88,125.8,241.7,12.2,24.5,0.82,1,-1,-1
224,111,598.6,231.5,11.8,22.6,0.75,1,-1,-1
224,114,282.8,241.3,17.2,50.1,0.85,1,-1,-1
224,117,566.5,241.2,54.7,92.7,0.81,1,-1,-1
225,31,29.7,243.8,11.2,21.5,0.83,1,-1,-1
225,39,460.4,240.7,17.0,54.8,0.90,1,-1,-1
225,58,533.9,235.3,13.2,38.7,0.70,1,-1,-1
225,81,513.5,238.8,19.6,63.1,0.83,1,-1,-1
225,88,121.5,240.4,11.3,25.9,0.84,1,-1,-1
225,110,581.9,236.2,16.0,42.8,0.73,1,-1,-1
225,111,594.3,229.9,14.6,46.4,0.84,1,-1,-1
225,114,270.3,240.8,21.5,50.2,0.88,1,-1,-1
225,118,528.5,244.2,57.1,95.6,0.83,1,-1,-1
226,31,28.8,244.7,10.2,21.9,0.82,1,-1,-1
226,39,450.1,240.2,23.2,56.7,0.88,1,-1,-1
226,58,534.3,234.8,14.0,41.1,0.86,1,-1,-1
226,60,551.3,237.3,13.0,38.8,0.87,1,-1,-1
226,88,116.6,241.8,10.8,24.5,0.82,1,-1,-1
226,110,576.9,236.1,17.8,43.4,0.84,1,-1,-1
226,111,592.6,231.2,15.4,45.3,0.84,1,-1,-1
226,114,263.7,242.1,24.8,48.5,0.87,1,-1,-1
226,119,481.6,242.4,59.0,84.4,0.85,1,-1,-1
227,31,27.6,244.8,10.3,21.4,0.82,1,-1,-1
227,39,446.6,241.2,17.3,52.9,0.61,1,-1,-1
227,58,533.6,234.4,14.1,40.7,0.88,1,-1,-1
227,60,550.7,237.2,12.8,38.1,0.88,1,-1,-1
227,81,512.8,239.9,18.4,58.6,0.87,1,-1,-1
227,88,112.4,240.5,11.2,26.4,0.83,1,-1,-1
227,110,571.2,236.2,21.2,44.4,0.87,1,-1,-1
227,111,589.4,230.5,15.0,47.1,0.85,1,-1,-1
227,114,261.9,241.1,15.2,49.4,0.81,1,-1,-1
227,121,444.7,242.4,62.8,92.9,0.86,1,-1,-1
228,31,26.5,244.3,9.8,21.2,0.76,1,-1,-1
228,39,443.3,238.7,17.9,36.2,0.81,1,-1,-1
228,58,533.6,233.2,14.6,41.2,0.89,1,-1,-1
228,60,550.9,235.9,13.9,38.2,0.85,1,-1,-1
228,81,511.7,239.1,18.8,58.8,0.87,1,-1,-1
228,88,108.5,241.2,10.4,25.1,0.85,1,-1,-1
228,110,567.1,235.8,17.9,45.1,0.85,1,-1,-1
228,111,582.8,229.7,17.5,48.6,0.87,1,-1,-1
228,114,251.8,240.1,20.3,50.4,0.87,1,-1,-1
228,122,395.2,243.7,67.6,107.4,0.89,1,-1,-1
229,31,23.0,244.4,10.4,20.9,0.82,1,-1,-1
229,39,436.2,240.1,18.3,59.6,0.88,1,-1,-1
229,58,534.0,233.5,15.3,40.1,0.87,1,-1,-1
229,60,551.1,237.0,13.0,37.1,0.80,1,-1,-1
229,81,511.6,241.2,17.7,56.6,0.87,1,-1,-1
229,88,103.8,241.3,10.8,25.1,0.85,1,-1,-1
229,110,562.8,236.3,17.4,46.6,0.82,1,-1,-1
229,111,579.3,231.2,18.0,47.2,0.85,1,-1,-1
229,114,249.6,241.2,16.3,47.6,0.83,1,-1,-1
229,123,340.0,243.3,71.0,112.4,0.89,1,-1,-1
230,31,21.9,243.6,9.5,21.3,0.78,1,-1,-1
230,39,431.0,239.5,18.4,61.2,0.87,1,-1,-1
230,58,535.6,232.9,13.9,40.4,0.86,1,-1,-1
230,60,550.9,235.8,10.8,38.2,0.75,1,-1,-1
230,81,511.5,238.8,18.7,56.4,0.87,1,-1,-1
230,88,100.7,240.6,10.0,26.6,0.86,1,-1,-1
230,110,558.5,236.3,17.6,46.0,0.81,1,-1,-1
230,111,577.6,229.7,15.7,49.5,0.88,1,-1,-1
230,114,243.2,239.6,15.9,49.2,0.84,1,-1,-1
230,123,294.1,243.9,70.9,112.2,0.88,1,-1,-1
231,31,19.9,244.5,9.9,20.5,0.82,1,-1,-1
231,39,416.1,239.2,27.4,62.7,0.90,1,-1,-1
231,58,535.9,233.2,12.6,39.0,0.86,1,-1,-1
231,60,549.0,235.4,11.5,35.7,0.68,1,-1,-1
231,81,509.9,240.4,15.9,54.1,0.85,1,-1,-1
231,88,95.8,241.9,10.4,26.2,0.82,1,-1,-1
231,110,555.4,237.9,16.6,45.6,0.83,1,-1,-1
231,111,573.5,231.2,18.0,48.9,0.88,1,-1,-1
231,114,233.5,240.4,21.3,44.9,0.78,1,-1,-1
231,124,244.1,245.7,62.2,111.7,0.86,1,-1,-1
232,31,18.2,243.5,10.3,21.1,0.78,1,-1,-1
232,39,413.0,240.8,24.9,61.3,0.90,1,-1,-1
232,58,534.6,232.5,12.8,38.9,0.85,1,-1,-1
232,60,549.0,235.9,13.0,38.0,0.16,1,-1,-1
232,81,507.6,239.9,17.4,52.6,0.89,1,-1,-1
232,88,91.9,240.8,9.2,27.6,0.80,1,-1,-1
232,110,551.0,236.9,16.7,46.7,0.81,1,-1,-1
232,111,571.2,230.6,15.6,51.3,0.86,1,-1,-1
232,125,192.7,242.9,63.3,104.5,0.86,1,-1,-1
233,31,17.0,244.7,10.3,19.6,0.77,1,-1,-1
233,39,409.1,239.2,19.8,65.3,0.90,1,-1,-1
233,58,534.3,232.1,13.0,38.7,0.83,1,-1,-1
233,81,507.4,238.7,18.0,53.3,0.88,1,-1,-1
233,88,88.1,242.1,10.3,28.9,0.79,1,-1,-1
233,110,547.5,237.6,17.3,45.0,0.79,1,-1,-1
233,111,563.5,230.6,18.5,51.2,0.88,1,-1,-1
233,114,225.6,240.3,15.2,46.7,0.82,1,-1,-1
233,126,148.3,246.0,63.8,101.0,0.86,1,-1,-1
234,31,14.7,244.6,11.8,23.1,0.76,1,-1,-1
234,39,402.3,240.5,20.4,64.9,0.89,1,-1,-1
234,58,534.3,232.9,12.4,37.4,0.79,1,-1,-1
234,81,507.3,240.1,16.6,51.3,0.88,1,-1,-1
234,88,86.0,241.3,9.3,27.7,0.79,1,-1,-1
234,110,545.0,238.4,17.8,47.4,0.80,1,-1,-1
234,111,561.0,231.8,19.1,50.7,0.87,1,-1,-1
234,114,222.4,240.9,16.4,46.3,0.85,1,-1,-1
234,128,107.5,243.8,63.2,109.2,0.88,1,-1,-1
235,31,13.6,244.2,9.8,18.8,0.70,1,-1,-1
235,39,396.6,239.8,20.6,66.3,0.90,1,-1,-1
235,58,534.6,232.2,11.5,37.1,0.70,1,-1,-1
235,81,507.8,237.9,15.9,51.1,0.87,1,-1,-1
235,110,541.5,239.3,16.6,46.4,0.80,1,-1,-1
235,111,559.0,231.7,15.0,50.3,0.81,1,-1,-1
235,114,217.4,239.1,13.7,46.7,0.81,1,-1,-1
235,129,60.8,244.9,62.0,90.9,0.86,1,-1,-1
236,39,383.1,239.6,28.3,67.8,0.90,1,-1,-1
236,58,533.5,232.5,13.4,21.0,0.56,1,-1,-1
236,81,507.7,238.5,16.1,50.5,0.87,1,-1,-1
236,88,77.1,241.9,7.9,23.7,0.72,1,-1,-1
236,110,534.9,240.5,23.2,47.0,0.82,1,-1,-1
236,111,553.8,232.6,19.5,50.7,0.84,1,-1,-1
236,114,207.2,240.0,22.0,46.5,0.88,1,-1,-1
236,130,18.1,249.7,56.8,92.9,0.87,1,-1,-1
237,39,378.0,241.2,27.5,67.1,0.90,1,-1,-1
237,58,535.3,232.0,10.8,21.0,0.52,1,-1,-1
237,81,507.6,238.1,15.6,47.6,0.85,1,-1,-1
237,88,73.7,241.8,9.1,23.5,0.77,1,-1,-1
237,110,529.5,240.2,17.9,46.6,0.78,1,-1,-1
237,111,548.4,232.0,17.5,51.3,0.83,1,-1,-1
237,114,206.6,240.0,17.7,45.9,0.84,1,-1,-1
237,132,0.1,253.3,28.9,101.7,0.87,1,-1,-1
237,133,626.3,243.5,13.6,70.1,0.80,1,-1,-1
238,31,10.2,244.7,9.6,17.2,0.55,1,-1,-1
238,39,372.5,238.3,22.0,71.4,0.90,1,-1,-1
238,58,535.1,231.4,12.4,37.7,0.54,1,-1,-1
238,81,508.3,237.3,14.9,47.8,0.83,1,-1,-1
238,88,69.6,243.7,8.4,22.1,0.79,1,-1,-1
238,110,522.6,241.5,21.8,48.3,0.83,1,-1,-1
238,111,542.7,234.7,18.8,50.4,0.85,1,-1,-1
238,114,201.9,238.9,13.1,46.5,0.80,1,-1,-1
238,134,600.2,243.2,38.8,71.9,0.92,1,-1,-1
239,39,364.0,241.0,23.5,70.2,0.90,1,-1,-1
239,58,535.5,232.5,11.9,27.0,0.51,1,-1,-1
239,60,547.8,234.8,12.2,30.3,0.57,1,-1,-1
239,81,509.3,238.2,13.1,45.8,0.63,1,-1,-1
239,88,66.3,242.4,8.4,24.4,0.79,1,-1,-1
239,110,517.9,240.5,16.4,49.9,0.77,1,-1,-1
239,111,534.2,236.2,25.4,49.5,0.86,1,-1,-1
239,114,194.5,241.0,18.2,44.8,0.87,1,-1,-1
239,134,597.8,241.7,28.6,73.1,0.90,1,-1,-1
240,39,357.1,239.2,23.3,73.3,0.89,1,-1,-1
240,58,538.0,231.4,9.3,29.1,0.74,1,-1,-1
240,60,547.8,233.3,11.0,33.5,0.87,1,-1,-1
240,88,63.3,242.9,8.6,24.9,0.82,1,-1,-1
240,110,503.6,238.4,26.0,52.2,0.87,1,-1,-1
240,111,526.6,233.6,20.2,54.4,0.80,1,-1,-1
240,114,191.4,240.1,13.8,44.7,0.82,1,-1,-1
240,136,578.0,243.1,33.4,71.4,0.91,1,-1,-1
241,39,340.0,239.0,34.2,74.5,0.92,1,-1,-1
241,58,536.5,231.7,11.3,34.1,0.82,1,-1,-1
241,60,547.4,233.9,10.7,32.3,0.85,1,-1,-1
241,88,59.9,242.4,8.0,24.9,0.72,1,-1,-1
241,110,497.9,239.5,25.9,51.9,0.85,1,-1,-1
241,111,518.2,235.1,24.3,51.6,0.82,1,-1,-1
241,114,183.5,240.5,18.4,44.6,0.87,1,-1,-1
241,136,566.9,245.1,40.0,69.3,0.93,1,-1,-1
242,39,336.5,240.8,32.1,74.1,0.92,1,-1,-1
242,58,535.9,231.3,11.7,34.4,0.85,1,-1,-1
242,60,547.5,233.5,10.6,32.4,0.84,1,-1,-1
242,88,57.2,242.2,8.3,24.7,0.82,1,-1,-1
242,110,490.8,239.1,23.2,52.9,0.83,1,-1,-1
242,111,511.0,234.3,23.3,54.5,0.83,1,-1,-1
242,114,181.6,241.3,17.2,43.8,0.85,1,-1,-1
242,137,562.5,242.1,27.3,72.5,0.88,1,-1,-1
243,39,332.7,240.1,24.1,75.8,0.90,1,-1,-1
243,58,535.8,230.8,11.0,33.9,0.85,1,-1,-1
243,60,548.1,233.3,10.7,27.8,0.74,1,-1,-1
243,81,518.1,235.2,12.7,44.6,0.76,1,-1,-1
243,88,54.1,243.4,7.9,22.9,0.79,1,-1,-1
243,110,482.6,240.5,27.0,52.9,0.84,1,-1,-1
243,111,498.8,234.3,26.3,54.7,0.82,1,-1,-1
243,114,178.4,240.0,12.3,45.0,0.84,1,-1,-1
243,138,539.7,244.6,38.4,70.4,0.92,1,-1,-1
244,39,320.7,240.8,26.5,78.1,0.91,1,-1,-1
244,58,536.1,231.9,11.3,32.7,0.79,1,-1,-1
244,60,548.5,233.5,11.0,27.3,0.81,1,-1,-1
244,81,518.9,236.3,13.3,43.8,0.86,1,-1,-1
244,88,51.7,241.9,8.0,24.8,0.77,1,-1,-1
244,110,474.1,240.4,21.7,52.9,0.84,1,-1,-1
244,111,490.1,235.0,28.9,54.6,0.86,1,-1,-1
244,114,173.8,241.7,14.3,43.3,0.83,1,-1,-1
244,138,534.1,244.5,32.3,71.4,0.87,1,-1,-1
245,39,312.7,239.9,26.2,81.6,0.89,1,-1,-1
245,58,536.9,230.6,10.4,29.7,0.83,1,-1,-1
245,60,548.2,232.9,10.8,32.5,0.86,1,-1,-1
245,81,521.3,235.5,9.5,34.0,0.65,1,-1,-1
245,88,48.0,242.6,9.4,25.0,0.83,1,-1,-1
245,110,462.9,240.3,28.5,53.1,0.85,1,-1,-1
245,111,479.3,235.4,23.6,54.2,0.80,1,-1,-1
245,114,169.8,241.0,12.2,40.9,0.79,1,-1,-1
245,140,515.9,243.1,31.0,72.5,0.89,1,-1,-1
246,39,291.6,240.7,38.3,80.4,0.93,1,-1,-1
246,58,536.2,231.2,11.0,32.3,0.84,1,-1,-1
246,60,547.9,233.5,10.2,30.4,0.85,1,-1,-1
246,81,523.5,235.4,12.8,29.0,0.71,1,-1,-1
246,88,45.3,241.8,7.4,25.1,0.81,1,-1,-1
246,110,452.6,241.0,25.1,52.8,0.81,1,-1,-1
246,111,466.9,236.1,28.6,54.6,0.87,1,-1,-1
246,114,162.5,241.1,17.6,43.4,0.85,1,-1,-1
246,142,499.8,243.0,42.1,72.8,0.93,1,-1,-1
247,39,288.0,241.3,35.9,82.1,0.93,1,-1,-1
247,58,536.2,230.8,10.2,31.4,0.82,1,-1,-1
247,60,547.8,232.9,11.1,30.4,0.87,1,-1,-1
247,81,523.7,235.2,14.0,41.2,0.83,1,-1,-1
247,88,43.1,243.1,8.4,23.1,0.75,1,-1,-1
247,110,442.3,240.9,29.4,53.7,0.87,1,-1,-1
247,111,457.4,235.5,26.4,56.8,0.82,1,-1,-1
247,114,160.4,241.0,16.5,42.6,0.86,1,-1,-1
247,143,495.2,241.4,25.7,74.1,0.83,1,-1,-1
248,39,281.1,238.7,28.2,85.6,0.91,1,-1,-1
248,58,536.2,230.7,10.0,31.3,0.81,1,-1,-1
248,60,548.6,233.3,11.0,29.6,0.87,1,-1,-1
248,81,524.9,234.4,13.1,41.3,0.85,1,-1,-1
248,88,40.5,242.8,7.5,20.3,0.72,1,-1,-1
248,110,430.3,241.2,26.3,54.0,0.76,1,-1,-1
248,111,448.1,235.6,25.6,56.2,0.84,1,-1,-1
248,114,156.8,242.6,13.5,41.4,0.84,1,-1,-1
248,145,470.0,243.8,42.1,71.7,0.93,1,-1,-1
249,39,265.8,242.6,33.0,83.5,0.92,1,-1,-1
249,58,537.2,230.7,9.9,31.5,0.82,1,-1,-1
249,60,548.9,232.9,11.0,30.1,0.87,1,-1,-1
249,81,527.0,235.3,12.1,39.5,0.82,1,-1,-1
249,88,38.8,243.1,7.3,21.1,0.68,1,-1,-1
249,110,419.8,242.5,30.4,52.8,0.86,1,-1,-1
249,111,435.1,233.0,24.8,60.0,0.85,1,-1,-1
249,114,153.5,242.9,13.5,41.0,0.82,1,-1,-1
249,145,466.0,243.4,32.6,71.6,0.92,1,-1,-1
250,39,259.2,239.7,29.9,87.9,0.91,1,-1,-1
250,58,537.6,230.6,10.3,31.0,0.80,1,-1,-1
250,60,548.7,232.8,9.7,29.4,0.85,1,-1,-1
250,81,527.6,234.8,13.2,39.5,0.83,1,-1,-1
250,88,34.8,245.2,8.9,16.9,0.64,1,-1,-1
250,110,411.5,242.9,26.1,51.7,0.82,1,-1,-1
250,111,425.8,233.3,25.3,57.5,0.87,1,-1,-1
250,114,150.9,242.7,12.1,40.3,0.81,1,-1,-1
250,148,454.5,243.0,28.2,72.1,0.89,1,-1,-1
251,39,235.2,240.1,42.9,87.9,0.93,1,-1,-1
251,58,538.0,230.3,9.7,28.7,0.72,1,-1,-1
251,60,548.1,232.9,10.0,28.6,0.85,1,-1,-1
251,81,527.1,235.3,14.2,38.4,0.82,1,-1,-1
251,88,33.6,245.5,7.9,13.9,0.50,1,-1,-1
251,110,398.3,240.8,30.1,53.1,0.83,1,-1,-1
251,111,413.6,235.2,26.5,57.4,0.84,1,-1,-1
251,114,145.3,242.0,15.1,40.8,0.84,1,-1,-1
251,149,433.8,243.9,41.6,71.2,0.93,1,-1,-1
252,39,225.1,242.0,48.0,89.0,0.94,1,-1,-1
252,58,537.7,229.0,9.6,28.0,0.73,1,-1,-1
252,60,548.4,232.2,10.6,28.7,0.85,1,-1,-1
252,81,527.8,235.3,14.2,37.4,0.81,1,-1,-1
252,88,32.1,244.6,6.1,16.6,0.54,1,-1,-1
252,110,390.2,242.5,27.1,51.9,0.83,1,-1,-1
252,111,402.4,234.1,28.1,58.2,0.84,1,-1,-1
252,114,142.6,242.8,15.1,38.5,0.83,1,-1,-1
252,149,430.5,241.6,26.9,73.2,0.87,1,-1,-1
252,151,1.2,244.3,8.3,27.4,0.79,1,-1,-1
253,39,221.8,241.3,32.1,91.2,0.92,1,-1,-1
253,58,538.0,229.1,9.1,25.9,0.68,1,-1,-1
253,60,548.4,231.3,10.5,28.0,0.86,1,-1,-1
253,81,530.8,235.2,11.4,37.7,0.81,1,-1,-1
253,88,30.8,243.1,7.1,19.1,0.63,1,-1,-1
253,110,381.0,242.7,26.3,52.0,0.83,1,-1,-1
253,111,393.8,235.2,28.0,57.6,0.86,1,-1,-1
253,114,140.0,241.6,12.7,38.8,0.86,1,-1,-1
253,152,410.2,242.4,36.2,71.8,0.91,1,-1,-1
253,153,3.2,244.6,7.6,26.8,0.80,1,-1,-1
254,39,203.4,242.4,37.5,91.8,0.92,1,-1,-1
254,58,537.9,227.3,10.0,16.0,0.69,1,-1,-1
254,60,548.1,230.3,9.8,28.4,0.86,1,-1,-1
254,81,532.5,235.9,11.7,36.1,0.83,1,-1,-1
254,88,28.9,243.1,7.1,20.6,0.67,1,-1,-1
254,110,370.2,242.4,28.3,52.0,0.80,1,-1,-1
254,111,382.6,235.4,24.7,57.1,0.80,1,-1,-1
254,114,136.2,242.8,12.2,23.7,0.81,1,-1,-1
254,152,402.0,243.9,37.9,69.6,0.92,1,-1,-1
254,154,6.0,244.5,7.2,26.1,0.74,1,-1,-1
255,39,192.7,242.9,37.1,94.2,0.92,1,-1,-1
255,58,538.4,225.8,10.0,18.3,0.67,1,-1,-1
255,60,547.8,229.6,9.9,27.5,0.84,1,-1,-1
255,81,533.5,235.7,11.8,34.4,0.82,1,-1,-1
255,88,27.0,244.3,6.7,18.0,0.66,1,-1,-1
255,110,360.3,241.7,25.3,52.2,0.82,1,-1,-1
255,111,370.4,234.3,26.9,58.1,0.78,1,-1,-1
255,114,132.7,242.8,12.4,23.8,0.83,1,-1,-1
255,152,395.1,241.8,25.6,71.6,0.87,1,-1,-1
255,156,7.5,244.7,8.4,26.2,0.76,1,-1,-1
255,157,43.8,246.7,8.3,18.1,0.60,1,-1,-1
256,39,180.7,239.0,36.0,98.6,0.92,1,-1,-1
256,58,539.1,225.7,9.1,18.4,0.60,1,-1,-1
256,60,548.0,229.2,9.8,27.0,0.84,1,-1,-1
256,81,534.0,234.3,12.3,35.1,0.80,1,-1,-1
256,110,350.6,241.9,29.6,52.5,0.81,1,-1,-1
256,111,360.8,235.1,27.5,55.3,0.77,1,-1,-1
256,114,128.8,241.9,12.5,24.6,0.83,1,-1,-1
256,152,378.0,242.5,34.8,70.3,0.92,1,-1,-1
256,157,45.2,246.8,7.9,16.8,0.77,1,-1,-1
256,158,9.2,244.9,9.5,27.1,0.79,1,-1,-1
257,39,154.4,241.2,52.3,97.1,0.91,1,-1,-1
257,58,538.6,223.1,9.2,17.6,0.68,1,-1,-1
257,60,548.9,226.7,9.2,27.1,0.84,1,-1,-1
257,81,532.9,234.0,13.9,35.0,0.84,1,-1,-1
257,88,23.5,243.2,5.7,16.2,0.56,1,-1,-1
257,110,341.7,242.9,25.0,50.4,0.83,1,-1,-1
257,111,351.6,233.7,25.3,55.8,0.71,1,-1,-1
257,114,126.2,242.6,12.2,23.7,0.85,1,-1,-1
257,152,372.1,243.2,30.7,69.0,0.91,1,-1,-1
257,157,47.0,246.7,8.1,17.0,0.72,1,-1,-1
258,39,151.8,240.8,44.6,99.1,0.93,1,-1,-1
258,58,538.2,221.2,9.6,18.4,0.67,1,-1,-1
258,60,549.0,226.5,9.4,26.8,0.84,1,-1,-1
258,81,533.3,234.0,13.6,34.9,0.85,1,-1,-1
258,88,22.8,245.5,5.8,14.3,0.55,1,-1,-1
258,110,333.6,243.2,27.1,50.3,0.83,1,-1,-1
258,111,343.7,233.4,24.7,59.9,0.77,1,-1,-1
258,114,121.8,242.6,12.8,23.8,0.81,1,-1,-1
258,152,365.9,242.6,24.3,67.8,0.87,1,-1,-1
258,157,48.1,247.8,8.3,14.8,0.74,1,-1,-1
259,39,141.3,239.7,36.8,101.9,0.91,1,-1,-1
259,58,538.3,220.7,9.6,16.7,0.68,1,-1,-1
259,60,549.0,224.7,9.1,28.2,0.82,1,-1,-1
259,81,535.8,232.5,11.3,36.0,0.84,1,-1,-1
259,110,326.4,243.7,26.3,49.8,0.81,1,-1,-1
259,111,334.2,235.0,24.9,54.5,0.64,1,-1,-1
259,114,119.6,241.8,12.3,24.6,0.84,1,-1,-1
259,152,346.1,244.3,38.6,66.8,0.93,1,-1,-1
259,157,51.5,248.2,8.2,14.5,0.67,1,-1,-1
259,160,15.8,245.0,10.2,27.6,0.74,1,-1,-1
260,39,117.8,241.6,49.0,101.6,0.94,1,-1,-1
260,58,538.6,219.4,9.7,18.7,0.70,1,-1,-1
260,60,549.0,224.0,9.5,27.3,0.84,1,-1,-1
260,81,537.4,232.1,10.7,35.8,0.84,1,-1,-1
260,110,312.9,242.3,28.8,50.3,0.83,1,-1,-1
260,111,324.1,234.6,20.6,36.9,0.62,1,-1,-1
260,114,116.9,242.5,9.9,23.7,0.78,1,-1,-1
260,152,340.4,243.5,30.5,65.7,0.88,1,-1,-1
260,157,53.0,247.1,9.2,16.8,0.74,1,-1,-1
260,160,17.8,244.5,9.1,26.2,0.80,1,-1,-1
261,39,107.6,239.1,37.0,105.5,0.91,1,-1,-1
261,58,539.4,217.0,9.6,21.2,0.77,1,-1,-1
261,60,550.1,222.6,9.4,26.2,0.84,1,-1,-1
261,81,538.9,231.5,11.3,35.9,0.83,1,-1,-1
261,110,304.5,243.4,23.0,49.5,0.82,1,-1,-1
261,111,311.7,236.2,22.9,49.3,0.56,1,-1,-1
261,152,325.0,244.0,27.7,64.4,0.87,1,-1,-1
261,157,54.7,248.6,9.6,15.8,0.69,1,-1,-1
261,161,21.1,244.6,9.4,25.1,0.73,1,-1,-1
262,39,79.2,240.8,51.8,104.0,0.93,1,-1,-1
262,58,539.1,216.6,10.0,20.9,0.73,1,-1,-1
262,60,550.6,220.6,8.5,26.8,0.82,1,-1,-1
262,81,538.6,230.4,13.5,36.8,0.85,1,-1,-1
262,110,295.9,243.9,24.1,48.5,0.83,1,-1,-1
262,111,302.4,235.2,19.9,22.7,0.52,1,-1,-1
262,114,110.5,242.2,9.7,20.8,0.61,1,-1,-1
262,152,313.9,245.2,33.1,63.1,0.89,1,-1,-1
262,157,57.6,247.7,9.7,17.6,0.72,1,-1,-1
262,163,22.7,243.8,11.0,24.5,0.78,1,-1,-1
263,39,72.1,242.8,46.8,104.5,0.92,1,-1,-1
263,58,538.3,214.7,10.1,21.9,0.72,1,-1,-1
263,60,550.4,220.2,8.8,24.7,0.83,1,-1,-1
263,81,539.5,231.2,13.2,34.7,0.86,1,-1,-1
263,110,286.9,243.0,24.2,49.6,0.81,1,-1,-1
263,111,292.8,235.0,20.5,20.6,0.56,1,-1,-1
263,114,105.5,243.0,10.8,24.3,0.81,1,-1,-1
263,152,308.2,243.7,22.9,62.2,0.84,1,-1,-1
263,157,60.2,248.0,9.5,16.3,0.47,1,-1,-1
263,164,23.9,243.5,14.1,24.0,0.80,1,-1,-1
264,39,54.9,243.5,41.9,106.0,0.92,1,-1,-1
264,58,537.5,211.9,11.1,25.7,0.79,1,-1,-1
264,60,550.8,218.8,9.1,24.9,0.81,1,-1,-1
264,81,542.2,230.6,11.2,35.2,0.85,1,-1,-1
264,110,274.1,241.8,25.9,50.3,0.81,1,-1,-1
264,111,284.4,235.5,19.2,21.1,0.63,1,-1,-1
264,114,102.1,242.1,11.1,25.2,0.86,1,-1,-1
264,152,292.5,245.5,32.6,60.8,0.88,1,-1,-1
264,164,27.8,242.7,12.2,24.9,0.85,1,-1,-1
265,39,37.2,246.5,52.6,104.0,0.93,1,-1,-1
265,58,537.2,211.3,11.4,27.4,0.81,1,-1,-1
265,60,551.0,217.9,9.0,25.7,0.79,1,-1,-1
265,81,543.5,230.4,11.2,34.7,0.84,1,-1,-1
265,110,269.2,242.6,23.3,49.2,0.83,1,-1,-1
265,111,275.9,235.4,16.9,20.3,0.53,1,-1,-1
265,114,99.7,242.5,10.4,23.6,0.85,1,-1,-1
265,152,289.4,246.9,26.1,57.6,0.87,1,-1,-1
265,164,30.1,243.9,13.1,24.0,0.81,1,-1,-1
266,39,23.9,244.7,38.1,107.2,0.91,1,-1,-1
266,58,536.6,211.7,11.1,26.4,0.83,1,-1,-1
266,60,549.7,216.1,9.0,22.2,0.77,1,-1,-1
266,81,545.3,230.5,10.6,34.5,0.83,1,-1,-1
266,110,259.7,241.0,21.6,50.2,0.84,1,-1,-1
266,111,264.0,236.5,20.0,18.9,0.51,1,-1,-1
266,114,96.0,242.3,10.5,25.7,0.83,1,-1,-1
266,152,279.6,244.2,20.6,59.9,0.86,1,-1,-1
266,157,68.8,246.8,10.6,18.3,0.78,1,-1,-1
267,39,1.0,243.8,51.1,107.8,0.93,1,-1,-1
267,58,536.6,211.7,10.9,27.1,0.84,1,-1,-1
267,60,549.9,215.9,9.5,22.0,0.81,1,-1,-1
267,81,544.9,231.2,11.9,33.5,0.84,1,-1,-1
267,110,253.2,241.7,19.5,48.7,0.81,1,-1,-1
267,111,255.9,235.2,18.3,16.5,0.51,1,-1,-1
267,114,92.9,242.0,12.1,32.0,0.78,1,-1,-1
267,152,269.9,247.2,26.8,56.2,0.89,1,-1,-1
267,157,71.0,246.6,10.0,18.3,0.78,1,-1,-1
267,164,32.6,244.0,14.3,23.7,0.80,1,-1,-1
268,39,0.0,243.2,35.9,109.3,0.91,1,-1,-1
268,58,535.5,211.8,10.5,26.6,0.85,1,-1,-1
268,60,548.8,214.7,10.0,23.4,0.81,1,-1,-1
268,81,545.1,232.7,12.0,31.6,0.83,1,-1,-1
268,110,242.6,242.2,22.6,48.1,0.85,1,-1,-1
268,111,248.1,236.0,16.8,14.5,0.36,1,-1,-1
268,114,89.3,243.4,11.3,31.1,0.78,1,-1,-1
268,152,261.8,246.0,19.9,55.8,0.80,1,-1,-1
268,157,73.0,246.1,9.4,19.1,0.75,1,-1,-1
268,164,36.1,242.9,13.5,24.6,0.86,1,-1,-1
269,39,0.0,242.3,15.0,109.9,0.83,1,-1,-1
269,58,534.6,212.4,10.3,26.6,0.84,1,-1,-1
269,60,548.1,213.9,9.1,23.7,0.81,1,-1,-1
269,81,546.6,232.1,10.6,31.8,0.83,1,-1,-1
269,110,237.1,243.1,18.0,46.7,0.80,1,-1,-1
269,114,87.3,242.4,9.9,31.8,0.78,1,-1,-1
269,152,246.6,246.1,30.3,55.9,0.88,1,-1,-1
269,157,74.4,247.2,10.4,18.4,0.65,1,-1,-1
269,164,38.8,243.3,14.3,24.6,0.85,1,-1,-1
270,58,533.6,212.1,9.5,26.9,0.83,1,-1,-1
270,60,546.6,213.3,8.5,24.2,0.78,1,-1,-1
270,81,548.3,231.8,9.6,31.1,0.86,1,-1,-1
270,110,232.7,244.7,14.3,43.1,0.74,1,-1,-1
270,114,85.9,243.2,8.2,24.3,0.66,1,-1,-1
270,152,242.5,247.1,26.5,53.5,0.83,1,-1,-1
270,157,77.0,248.0,7.4,17.6,0.46,1,-1,-1
270,164,41.7,243.0,13.7,25.0,0.85,1,-1,-1
271,58,533.0,212.7,9.4,26.0,0.84,1,-1,-1
271,60,546.1,213.9,8.7,24.0,0.79,1,-1,-1
271,81,548.7,231.3,10.1,31.6,0.85,1,-1,-1
271,110,223.9,244.7,19.4,42.1,0.67,1,-1,-1
271,114,79.3,248.7,10.4,23.2,0.21,1,-1,-1
271,152,233.6,243.8,22.1,56.1,0.77,1,-1,-1
271,157,80.2,248.8,9.6,16.1,0.31,1,-1,-1
271,164,43.8,243.2,13.6,24.6,0.87,1,-1,-1
272,58,532.2,213.0,9.1,25.4,0.83,1,-1,-1
272,60,545.5,213.9,9.7,23.4,0.81,1,-1,-1
272,81,549.1,229.8,11.3,32.7,0.84,1,-1,-1
272,110,219.7,244.7,14.7,41.4,0.64,1,-1,-1
272,111,220.1,236.3,17.8,19.1,0.54,1,-1,-1
272,152,226.0,245.6,25.2,54.8,0.83,1,-1,-1
272,157,85.6,249.7,6.8,14.6,0.46,1,-1,-1
272,164,44.5,243.8,16.5,24.0,0.87,1,-1,-1
273,58,531.1,212.2,8.9,26.6,0.80,1,-1,-1
273,60,545.4,214.5,9.1,23.2,0.82,1,-1,-1
273,81,548.6,230.8,11.9,31.7,0.86,1,-1,-1
273,110,211.3,244.1,19.4,42.2,0.68,1,-1,-1
273,111,211.4,235.3,22.0,22.8,0.41,1,-1,-1
273,114,76.7,245.7,7.5,20.7,0.57,1,-1,-1
273,152,221.4,246.2,20.4,52.1,0.77,1,-1,-1
273,157,86.1,249.4,7.8,17.2,0.46,1,-1,-1
273,164,48.5,243.1,13.5,24.4,0.84,1,-1,-1
274,58,529.8,212.9,8.7,26.0,0.79,1,-1,-1
274,60,543.5,214.5,8.8,23.4,0.82,1,-1,-1
274,81,549.2,230.6,11.4,29.9,0.86,1,-1,-1
274,110,203.8,248.7,23.1,36.1,0.27,1,-1,-1
274,111,203.3,236.8,19.6,25.4,0.63,1,-1,-1
274,114,73.4,244.8,9.4,21.4,0.76,1,-1,-1
274,152,213.2,244.1,20.9,54.2,0.77,1,-1,-1
274,157,87.4,248.3,8.8,16.9,0.56,1,-1,-1
274,164,52.1,243.7,13.3,23.5,0.87,1,-1,-1
275,58,528.4,213.5,8.8,23.2,0.68,1,-1,-1
275,60,542.3,215.3,8.2,22.8,0.85,1,-1,-1
275,81,550.9,230.3,9.7,28.9,0.86,1,-1,-1
275,111,199.3,236.8,14.7,28.9,0.62,1,-1,-1
275,114,70.7,245.9,8.3,19.6,0.76,1,-1,-1
275,152,201.0,248.1,30.1,50.4,0.86,1,-1,-1
275,157,89.0,249.7,9.6,15.2,0.44,1,-1,-1
275,164,55.3,243.5,13.3,23.3,0.83,1,-1,-1
276,58,527.4,213.4,8.0,13.1,0.73,1,-1,-1
276,60,541.3,214.9,7.8,23.1,0.86,1,-1,-1
276,81,552.0,227.2,9.1,29.4,0.85,1,-1,-1
276,111,196.8,237.1,15.9,18.5,0.54,1,-1,-1
276,114,68.8,246.0,7.4,19.7,0.20,1,-1,-1
276,152,198.2,245.2,20.7,51.0,0.56,1,-1,-1
276,157,92.7,248.0,10.0,16.9,0.39,1,-1,-1
276,164,56.7,243.7,14.7,23.1,0.83,1,-1,-1
277,58,526.8,213.9,7.4,12.6,0.52,1,-1,-1
277,60,540.7,215.0,8.4,22.9,0.83,1,-1,-1
277,81,552.7,226.0,9.2,28.0,0.84,1,-1,-1
277,111,191.0,237.3,14.7,16.4,0.59,1,-1,-1
277,152,187.3,247.0,23.0,50.1,0.81,1,-1,-1
277,157,95.6,248.0,10.2,17.9,0.71,1,-1,-1
277,164,59.1,243.8,14.5,22.8,0.84,1,-1,-1
278,58,525.1,213.6,7.1,13.1,0.62,1,-1,-1
278,60,539.2,215.1,8.1,22.5,0.83,1,-1,-1
278,81,550.8,224.6,11.4,29.2,0.87,1,-1,-1
278,111,184.3,236.7,15.7,15.9,0.46,1,-1,-1
278,152,181.4,247.2,24.1,49.9,0.82,1,-1,-1
278,157,94.9,249.5,12.0,17.5,0.72,1,-1,-1
278,164,62.5,243.6,14.9,23.2,0.82,1,-1,-1
278,169,190.0,243.6,20.4,42.7,0.71,1,-1,-1
279,58,523.7,214.3,7.3,13.3,0.70,1,-1,-1
279,60,536.5,215.0,8.0,22.6,0.85,1,-1,-1
279,81,550.1,225.0,12.1,28.3,0.88,1,-1,-1
279,111,177.6,237.3,18.3,18.0,0.46,1,-1,-1
279,114,59.6,245.7,8.0,21.1,0.59,1,-1,-1
279,152,175.3,248.1,18.5,47.6,0.81,1,-1,-1
279,157,96.4,248.5,14.2,17.9,0.72,1,-1,-1
279,164,67.0,244.1,13.5,22.3,0.83,1,-1,-1
279,170,184.3,244.2,17.7,41.2,0.71,1,-1,-1
280,58,520.6,213.9,8.7,14.3,0.81,1,-1,-1
280,60,534.7,215.6,7.3,22.0,0.83,1,-1,-1
280,81,552.9,222.0,9.0,26.7,0.86,1,-1,-1
280,110,176.2,244.1,18.4,42.7,0.75,1,-1,-1
280,111,170.2,237.9,16.9,16.5,0.37,1,-1,-1
280,114,56.5,244.0,8.7,22.5,0.79,1,-1,-1
280,152,162.7,247.8,27.5,47.5,0.82,1,-1,-1
280,157,100.8,248.3,12.8,18.3,0.78,1,-1,-1
280,164,69.4,244.2,12.9,22.3,0.83,1,-1,-1
281,58,520.1,214.0,8.0,14.5,0.82,1,-1,-1
281,60,534.0,215.4,7.0,22.5,0.82,1,-1,-1
281,81,553.1,221.2,9.1,27.1,0.86,1,-1,-1
281,110,170.6,242.9,18.8,44.0,0.71,1,-1,-1
281,111,165.3,237.9,16.3,15.3,0.32,1,-1,-1
281,114,54.7,244.9,8.4,21.1,0.82,1,-1,-1
281,152,161.8,244.8,21.4,50.3,0.84,1,-1,-1
281,157,102.3,248.6,14.0,17.8,0.72,1,-1,-1
281,164,69.2,245.2,15.2,21.2,0.84,1,-1,-1
282,58,518.7,214.5,7.1,14.3,0.80,1,-1,-1
282,60,533.0,215.6,7.6,21.6,0.75,1,-1,-1
282,81,553.4,220.8,10.0,27.3,0.86,1,-1,-1
282,110,169.2,244.8,14.6,40.2,0.78,1,-1,-1
282,111,156.3,239.3,15.9,15.4,0.38,1,-1,-1
282,114,52.5,244.7,7.6,22.2,0.78,1,-1,-1
282,152,156.2,247.2,16.8,45.9,0.80,1,-1,-1
282,157,106.0,247.8,13.0,17.4,0.73,1,-1,-1
282,164,75.1,244.1,11.3,22.5,0.79,1,-1,-1
283,58,516.8,214.6,8.0,15.1,0.80,1,-1,-1
283,60,530.3,215.1,7.0,22.0,0.67,1,-1,-1
283,81,554.3,217.8,8.6,25.4,0.86,1,-1,-1
283,110,156.5,245.5,15.4,38.3,0.57,1,-1,-1
283,111,151.0,238.7,19.0,14.5,0.41,1,-1,-1
283,114,49.0,243.7,9.2,23.2,0.85,1,-1,-1
283,152,147.1,244.9,19.3,48.7,0.81,1,-1,-1
283,157,108.1,247.9,15.3,18.9,0.81,1,-1,-1
283,164,78.8,245.4,13.1,29.7,0.73,1,-1,-1
284,58,515.2,214.9,8.0,14.9,0.79,1,-1,-1
284,60,528.6,215.1,7.7,21.7,0.42,1,-1,-1
284,81,553.8,216.9,8.9,26.1,0.86,1,-1,-1
284,110,152.1,244.6,17.3,40.6,0.73,1,-1,-1
284,111,143.0,241.6,18.7,11.6,0.15,1,-1,-1
284,114,46.9,245.8,9.8,21.5,0.85,1,-1,-1
284,152,141.8,247.0,16.7,46.2,0.77,1,-1,-1
284,157,110.1,248.7,13.9,18.1,0.75,1,-1,-1
284,164,83.8,244.3,11.0,32.7,0.75,1,-1,-1
285,58,513.4,215.0,7.6,15.1,0.79,1,-1,-1
285,81,553.9,216.8,8.2,24.9,0.86,1,-1,-1
285,110,147.1,244.9,15.2,39.9,0.66,1,-1,-1
285,114,44.8,244.3,8.2,22.8,0.83,1,-1,-1
285,157,113.0,248.2,14.2,18.5,0.67,1,-1,-1
285,164,85.5,244.4,14.3,44.4,0.78,1,-1,-1
286,58,512.3,214.7,7.6,15.7,0.83,1,-1,-1
286,81,553.4,214.6,8.5,23.8,0.84,1,-1,-1
286,110,141.1,244.4,17.3,39.0,0.74,1,-1,-1
286,114,43.3,244.2,8.1,23.3,0.79,1,-1,-1
286,164,88.0,243.1,16.7,50.3,0.79,1,-1,-1
287,58,511.1,215.4,7.8,15.0,0.81,1,-1,-1
287,81,552.9,212.2,8.9,25.5,0.85,1,-1,-1
287,110,137.0,244.5,15.0,40.2,0.74,1,-1,-1
287,114,41.1,245.3,7.5,21.7,0.78,1,-1,-1
287,157,120.7,244.2,10.7,21.7,0.78,1,-1,-1
287,164,92.4,243.8,16.7,47.6,0.77,1,-1,-1
288,58,509.8,214.8,7.4,15.8,0.83,1,-1,-1
288,81,553.2,211.8,9.1,25.9,0.84,1,-1,-1
288,114,39.0,245.3,7.7,20.5,0.57,1,-1,-1
288,152,116.0,245.2,11.7,20.9,0.74,1,-1,-1
288,164,98.3,244.1,14.3,23.7,0.81,1,-1,-1
288,173,133.1,245.6,12.1,20.8,0.75,1,-1,-1
289,58,508.6,215.2,7.4,10.4,0.69,1,-1,-1
289,81,553.7,212.5,8.8,24.9,0.85,1,-1,-1
289,110,121.4,244.8,10.4,21.4,0.65,1,-1,-1
289,114,37.0,244.5,8.2,22.0,0.73,1,-1,-1
289,152,111.4,245.1,8.7,20.7,0.36,1,-1,-1
289,157,133.6,248.5,12.6,17.4,0.70,1,-1,-1
289,164,101.2,246.1,12.4,21.6,0.79,1,-1,-1
290,58,507.0,214.5,7.1,9.8,0.73,1,-1,-1
290,81,554.4,212.1,8.2,25.0,0.85,1,-1,-1
290,110,116.7,246.9,10.6,20.0,0.33,1,-1,-1
290,114,34.0,244.2,8.6,22.7,0.75,1,-1,-1
290,152,103.5,244.3,10.5,22.7,0.75,1,-1,-1
290,157,135.1,247.7,15.2,18.7,0.74,1,-1,-1
291,58,506.3,214.3,7.0,9.9,0.72,1,-1,-1
291,81,554.2,211.9,8.4,25.3,0.85,1,-1,-1
291,110,108.0,246.0,10.4,19.3,0.41,1,-1,-1
291,114,32.2,245.6,8.3,20.6,0.72,1,-1,-1
291,152,99.7,245.1,10.1,22.0,0.66,1,-1,-1
291,157,137.5,248.9,18.8,37.1,0.76,1,-1,-1
291,177,116.6,245.8,10.7,20.8,0.79,1,-1,-1
292,58,506.0,214.6,6.9,9.4,0.73,1,-1,-1
292,81,553.6,212.6,8.4,25.3,0.85,1,-1,-1
292,114,31.3,245.4,6.8,18.6,0.68,1,-1,-1
292,157,144.2,247.1,17.8,42.5,0.84,1,-1,-1
292,164,117.0,244.7,13.0,21.7,0.83,1,-1,-1
293,58,505.8,214.4,6.7,9.3,0.81,1,-1,-1
293,81,552.1,212.3,9.2,25.7,0.87,1,-1,-1
293,114,29.6,244.1,7.4,21.7,0.73,1,-1,-1
293,157,147.8,248.3,17.3,43.5,0.80,1,-1,-1
293,164,116.7,243.4,17.8,23.1,0.82,1,-1,-1
294,58,505.7,214.8,5.8,8.5,0.81,1,-1,-1
294,81,550.6,212.9,9.7,25.2,0.86,1,-1,-1
294,114,28.7,244.1,7.5,22.5,0.68,1,-1,-1
294,157,153.5,249.3,19.0,42.2,0.82,1,-1,-1
294,164,118.8,243.8,20.1,22.7,0.85,1,-1,-1
294,182,87.7,241.7,19.7,54.8,0.78,1,-1,-1
295,58,505.4,215.0,5.3,8.1,0.73,1,-1,-1
295,81,550.4,213.4,8.7,24.5,0.85,1,-1,-1
295,110,86.1,243.0,16.6,52.1,0.74,1,-1,-1
295,114,27.9,246.5,6.0,17.5,0.56,1,-1,-1
295,157,160.8,248.1,17.3,43.5,0.82,1,-1,-1
295,164,127.5,243.7,16.3,22.5,0.79,1,-1,-1
296,58,505.1,215.3,5.4,7.4,0.55,1,-1,-1
296,81,548.7,212.9,8.1,25.0,0.86,1,-1,-1
296,110,85.3,244.4,12.9,42.9,0.73,1,-1,-1
296,114,25.8,247.2,6.0,17.4,0.38,1,-1,-1
296,157,165.4,246.8,21.2,46.8,0.86,1,-1,-1
296,164,132.4,243.6,17.5,22.8,0.81,1,-1,-1
297,58,505.3,215.4,4.9,7.3,0.59,1,-1,-1
297,81,547.1,214.0,8.7,24.0,0.87,1,-1,-1
297,114,23.4,247.5,5.5,17.1,0.53,1,-1,-1
297,157,167.8,247.8,21.7,45.6,0.84,1,-1,-1
297,164,135.3,243.5,18.3,42.2,0.83,1,-1,-1
298,58,504.9,215.8,5.1,6.7,0.55,1,-1,-1
298,81,545.5,213.6,8.2,24.3,0.86,1,-1,-1
298,114,22.7,246.9,5.8,17.3,0.48,1,-1,-1
298,157,177.0,246.2,17.6,44.2,0.79,1,-1,-1
298,164,138.1,244.4,20.5,48.4,0.84,1,-1,-1
299,58,504.8,217.2,4.5,5.5,0.57,1,-1,-1
299,81,543.4,213.9,9.5,24.0,0.86,1,-1,-1
299,114,20.0,248.2,7.7,16.4,0.19,1,-1,-1
299,157,180.7,248.3,19.0,44.9,0.82,1,-1,-1
299,164,147.3,243.9,18.8,47.9,0.87,1,-1,-1
300,81,542.7,214.2,9.2,23.3,0.86,1,-1,-1
300,114,20.0,249.5,6.6,16.3,0.40,1,-1,-1
300,157,187.3,247.9,17.6,46.3,0.80,1,-1,-1
300,164,152.0,244.4,20.6,48.3,0.86,1,-1,-1
