1,1,424.8,234.4,26.1,75.5,0.91,1,-1,-1
1,2,388.9,243.6,26.0,66.7,0.90,1,-1,-1
1,3,543.6,230.2,12.2,43.6,0.88,1,-1,-1
1,4,112.6,243.5,19.5,23.4,0.80,1,-1,-1
1,5,543.8,213.8,8.9,21.9,0.76,1,-1,-1
1,6,18.7,242.7,11.3,22.5,0.75,1,-1,-1
2,1,421.6,232.1,26.9,78.8,0.91,1,-1,-1
2,2,384.5,244.1,24.2,67.8,0.89,1,-1,-1
2,3,543.5,230.4,12.0,41.9,0.86,1,-1,-1
2,4,116.5,244.5,17.8,22.3,0.82,1,-1,-1
2,6,20.0,242.9,11.0,22.3,0.78,1,-1,-1
3,1,417.9,231.1,28.7,80.6,0.92,1,-1,-1
3,2,377.2,243.0,23.3,70.1,0.90,1,-1,-1
3,3,543.2,229.1,12.3,42.9,0.86,1,-1,-1
3,4,118.1,243.7,18.2,21.9,0.82,1,-1,-1
3,8,21.2,243.3,13.0,22.6,0.78,1,-1,-1
4,1,415.9,232.4,27.6,83.3,0.92,1,-1,-1
4,2,369.3,243.9,25.5,71.0,0.91,1,-1,-1
4,3,544.0,230.5,11.7,40.6,0.86,1,-1,-1
4,4,121.3,243.8,18.1,22.2,0.80,1,-1,-1
4,8,22.9,242.7,11.8,23.0,0.82,1,-1,-1
5,1,414.0,231.0,28.2,85.0,0.92,1,-1,-1
5,2,364.6,243.8,26.3,71.7,0.90,1,-1,-1
5,3,544.0,229.3,11.7,41.7,0.86,1,-1,-1
5,4,124.1,244.2,19.2,21.2,0.80,1,-1,-1
5,8,23.7,242.7,12.1,22.9,0.78,1,-1,-1
6,1,411.4,230.7,28.5,88.7,0.92,1,-1,-1
6,2,359.8,244.5,27.6,72.5,0.90,1,-1,-1
6,3,544.0,230.4,11.3,40.2,0.86,1,-1,-1
6,4,128.9,243.9,20.1,25.2,0.77,1,-1,-1
6,8,27.0,243.3,11.1,22.6,0.80,1,-1,-1
7,1,407.0,233.3,28.8,90.2,0.92,1,-1,-1
7,2,351.9,245.5,26.9,75.0,0.91,1,-1,-1
7,3,543.2,230.0,11.5,39.4,0.86,1,-1,-1
7,4,133.0,244.9,18.9,21.1,0.82,1,-1,-1
7,8,28.1,242.5,11.2,23.4,0.82,1,-1,-1
8,1,400.9,230.8,30.9,93.9,0.92,1,-1,-1
8,2,341.6,244.4,28.1,76.9,0.91,1,-1,-1
8,3,543.0,229.9,11.6,38.6,0.86,1,-1,-1
8,4,135.0,244.2,21.6,42.6,0.82,1,-1,-1
8,8,28.8,243.2,11.9,21.8,0.82,1,-1,-1
9,1,396.4,229.1,32.7,97.4,0.93,1,-1,-1
9,2,333.1,246.9,30.3,76.3,0.91,1,-1,-1
9,3,543.2,230.6,11.4,37.1,0.87,1,-1,-1
9,4,137.5,243.1,21.0,45.7,0.84,1,-1,-1
9,8,29.3,243.5,12.6,22.6,0.84,1,-1,-1
10,1,391.7,231.9,33.7,97.4,0.94,1,-1,-1
10,2,325.8,244.0,28.1,80.6,0.92,1,-1,-1
10,3,543.1,229.2,11.5,38.3,0.86,1,-1,-1
10,4,141.9,243.6,23.1,46.7,0.85,1,-1,-1
10,8,30.3,242.8,12.8,23.8,0.83,1,-1,-1
11,1,388.1,228.0,33.4,103.4,0.92,1,-1,-1
11,2,314.9,245.6,33.5,81.3,0.92,1,-1,-1
11,3,543.0,230.2,11.2,36.6,0.87,1,-1,-1
11,4,145.7,243.6,22.8,48.0,0.83,1,-1,-1
11,8,31.6,243.4,13.1,23.5,0.81,1,-1,-1
11,16,519.1,215.9,7.6,13.0,0.71,1,-1,-1
12,1,381.3,227.8,36.1,105.6,0.92,1,-1,-1
12,2,308.9,244.8,31.8,84.6,0.92,1,-1,-1
12,3,542.4,229.8,11.5,36.4,0.87,1,-1,-1
12,4,150.9,242.6,23.0,47.9,0.85,1,-1,-1
12,8,34.2,243.6,13.1,22.9,0.83,1,-1,-1
12,17,517.4,215.2,8.1,14.3,0.73,1,-1,-1
13,1,376.5,230.4,34.1,108.2,0.92,1,-1,-1
13,2,304.3,244.2,27.5,87.0,0.91,1,-1,-1
13,3,542.4,229.1,11.4,36.8,0.87,1,-1,-1
13,4,153.8,243.8,23.3,48.0,0.87,1,-1,-1
13,8,36.0,243.1,12.9,23.2,0.83,1,-1,-1
14,1,370.4,226.8,34.0,114.4,0.92,1,-1,-1
14,2,296.7,245.6,30.6,89.1,0.92,1,-1,-1
14,3,543.0,229.8,10.9,35.2,0.87,1,-1,-1
14,4,156.6,243.5,25.6,47.7,0.87,1,-1,-1
14,8,37.3,243.5,14.4,23.2,0.83,1,-1,-1
14,19,513.3,216.5,7.1,13.7,0.61,1,-1,-1
15,1,364.3,226.4,35.0,116.7,0.93,1,-1,-1
15,2,287.4,244.9,30.4,90.9,0.91,1,-1,-1
15,3,543.3,229.3,10.7,35.7,0.87,1,-1,-1
15,4,159.6,242.9,25.8,48.9,0.87,1,-1,-1
15,8,38.5,243.6,13.5,23.8,0.84,1,-1,-1
15,19,512.7,215.7,7.6,14.7,0.75,1,-1,-1
16,1,354.8,230.2,37.8,117.9,0.92,1,-1,-1
16,2,275.8,244.0,38.7,95.7,0.92,1,-1,-1
16,3,543.4,229.3,10.7,35.3,0.87,1,-1,-1
16,4,165.9,244.7,25.1,47.7,0.86,1,-1,-1
16,8,41.1,243.3,12.3,24.1,0.83,1,-1,-1
16,19,511.7,216.3,6.2,14.1,0.79,1,-1,-1
17,1,348.2,228.4,37.5,121.9,0.91,1,-1,-1
17,2,268.5,243.8,38.4,99.3,0.92,1,-1,-1
17,3,543.4,229.6,10.7,34.6,0.87,1,-1,-1
17,4,171.2,243.8,25.5,48.6,0.87,1,-1,-1
17,8,42.5,243.6,12.9,23.6,0.85,1,-1,-1
17,19,510.1,216.1,6.3,13.8,0.78,1,-1,-1
18,1,335.2,225.1,42.5,127.4,0.92,1,-1,-1
18,2,262.2,244.8,33.2,99.4,0.93,1,-1,-1
18,3,544.0,229.3,10.4,34.7,0.88,1,-1,-1
18,4,175.0,242.6,26.1,51.0,0.87,1,-1,-1
18,8,44.7,244.0,13.4,23.2,0.85,1,-1,-1
18,19,508.8,215.7,7.2,11.8,0.45,1,-1,-1
19,1,323.4,229.0,45.5,130.0,0.93,1,-1,-1
19,2,254.3,246.6,34.7,101.6,0.91,1,-1,-1
19,3,544.6,230.4,10.4,33.0,0.87,1,-1,-1
19,4,179.6,244.2,27.5,50.1,0.87,1,-1,-1
19,8,46.6,243.7,13.2,23.4,0.85,1,-1,-1
19,19,508.0,215.6,6.7,10.7,0.36,1,-1,-1
20,1,319.1,225.4,42.2,136.6,0.92,1,-1,-1
20,2,241.2,245.8,35.9,102.7,0.92,1,-1,-1
20,3,545.1,230.0,10.3,33.0,0.86,1,-1,-1
20,4,185.9,243.4,27.8,50.8,0.87,1,-1,-1
20,8,48.6,244.3,13.3,22.7,0.83,1,-1,-1
20,19,507.9,215.9,6.1,8.3,0.44,1,-1,-1
21,1,307.1,222.3,48.0,145.0,0.93,1,-1,-1
21,2,228.1,246.9,43.8,105.9,0.93,1,-1,-1
21,3,545.3,230.0,10.3,32.5,0.86,1,-1,-1
21,4,191.1,243.4,28.4,51.4,0.88,1,-1,-1
21,8,50.8,243.5,13.8,23.2,0.85,1,-1,-1
21,19,507.8,215.9,6.4,8.5,0.47,1,-1,-1
22,1,298.5,227.3,49.6,144.4,0.93,1,-1,-1
22,2,222.0,243.6,42.5,113.7,0.93,1,-1,-1
22,3,545.3,229.4,10.4,33.2,0.86,1,-1,-1
22,4,197.2,243.8,28.3,51.9,0.88,1,-1,-1
22,8,52.7,243.6,13.5,23.4,0.86,1,-1,-1
23,1,291.8,222.7,51.3,154.4,0.93,1,-1,-1
23,2,216.5,242.3,37.7,116.6,0.92,1,-1,-1
23,3,545.6,229.3,10.2,32.4,0.86,1,-1,-1
23,4,201.8,241.8,26.1,54.6,0.79,1,-1,-1
23,8,55.1,243.6,12.9,22.9,0.86,1,-1,-1
24,1,283.1,221.9,53.0,159.6,0.91,1,-1,-1
24,2,206.3,243.5,40.2,121.4,0.92,1,-1,-1
24,3,546.3,227.8,10.0,31.5,0.85,1,-1,-1
24,8,57.5,242.9,12.5,23.4,0.85,1,-1,-1
25,1,274.9,226.6,55.2,161.5,0.93,1,-1,-1
25,2,195.7,243.6,39.9,123.8,0.92,1,-1,-1
25,3,546.3,226.9,10.0,31.9,0.85,1,-1,-1
25,4,217.3,242.2,22.8,32.9,0.81,1,-1,-1
25,8,58.6,243.2,14.7,23.1,0.85,1,-1,-1
25,19,511.2,217.3,5.2,12.9,0.72,1,-1,-1
25,21,633.1,233.9,6.5,35.5,0.69,1,-1,-1
26,1,265.5,221.5,56.3,172.2,0.91,1,-1,-1
26,2,180.2,244.6,48.0,130.0,0.93,1,-1,-1
26,3,546.4,227.2,9.9,31.2,0.86,1,-1,-1
26,4,214.7,242.0,32.8,56.7,0.90,1,-1,-1
26,8,60.2,243.4,14.7,23.0,0.85,1,-1,-1
26,19,511.4,216.4,6.1,13.9,0.76,1,-1,-1
26,21,632.0,233.4,7.6,38.1,0.73,1,-1,-1
27,1,254.9,218.2,61.2,184.3,0.90,1,-1,-1
27,2,171.1,245.2,48.5,135.8,0.93,1,-1,-1
27,3,546.7,225.4,9.4,27.7,0.83,1,-1,-1
27,4,221.7,242.9,31.5,57.1,0.87,1,-1,-1
27,8,62.5,243.2,15.2,23.1,0.83,1,-1,-1
27,19,512.4,216.4,7.2,14.3,0.65,1,-1,-1
27,21,629.0,234.5,10.8,36.9,0.78,1,-1,-1
28,1,249.0,219.1,63.6,189.9,0.90,1,-1,-1
28,2,164.5,241.5,44.3,140.2,0.93,1,-1,-1
28,3,546.7,224.3,9.4,29.3,0.85,1,-1,-1
28,4,225.2,240.9,33.8,58.4,0.84,1,-1,-1
28,8,64.7,243.5,14.3,22.8,0.83,1,-1,-1
28,19,512.8,216.9,6.5,13.5,0.71,1,-1,-1
28,21,627.0,234.1,12.9,37.9,0.79,1,-1,-1
29,1,235.5,217.0,71.6,205.6,0.88,1,-1,-1
29,2,152.9,245.0,49.5,145.3,0.92,1,-1,-1
29,3,547.1,221.1,9.2,29.4,0.83,1,-1,-1
29,8,67.5,243.5,14.9,22.9,0.85,1,-1,-1
29,19,513.7,218.3,6.5,11.8,0.64,1,-1,-1
29,21,623.9,232.9,15.8,39.1,0.84,1,-1,-1
30,1,227.5,211.6,72.4,218.6,0.90,1,-1,-1
30,2,135.9,242.6,52.0,152.8,0.93,1,-1,-1
30,3,547.2,220.6,9.0,27.7,0.84,1,-1,-1
30,8,69.4,243.1,14.7,23.3,0.85,1,-1,-1
30,19,514.5,218.2,6.6,11.8,0.68,1,-1,-1
30,21,620.5,233.6,18.1,39.2,0.85,1,-1,-1
31,1,215.8,216.2,77.0,229.2,0.89,1,-1,-1
31,2,119.0,242.6,60.2,161.8,0.94,1,-1,-1
31,3,546.5,219.1,9.4,29.2,0.85,1,-1,-1
31,8,71.8,244.1,13.7,22.1,0.84,1,-1,-1
31,19,515.5,218.4,6.6,11.3,0.70,1,-1,-1
31,21,618.3,233.4,16.6,39.3,0.83,1,-1,-1
32,1,199.6,209.1,81.3,250.3,0.84,1,-1,-1
32,2,106.6,244.2,60.3,168.5,0.94,1,-1,-1
32,3,546.2,216.5,8.9,27.3,0.86,1,-1,-1
32,4,252.5,239.5,27.3,31.6,0.69,1,-1,-1
32,8,73.7,243.9,14.6,22.6,0.83,1,-1,-1
32,19,515.9,218.6,6.2,10.3,0.52,1,-1,-1
32,21,614.8,232.8,17.5,40.4,0.84,1,-1,-1
33,1,179.0,199.5,88.4,276.2,0.86,1,-1,-1
33,2,95.2,240.2,53.8,177.2,0.91,1,-1,-1
33,3,546.0,215.2,8.9,28.1,0.86,1,-1,-1
33,4,257.9,241.4,32.2,62.9,0.86,1,-1,-1
33,8,76.2,243.7,14.7,23.5,0.76,1,-1,-1
33,19,515.8,218.0,6.3,11.0,0.58,1,-1,-1
33,21,612.6,233.2,17.3,40.9,0.84,1,-1,-1
34,1,156.2,203.0,96.1,298.3,0.83,1,-1,-1
34,2,79.1,247.3,61.1,183.2,0.90,1,-1,-1
34,3,545.6,214.8,8.9,27.9,0.86,1,-1,-1
34,4,266.4,240.3,32.9,64.3,0.88,1,-1,-1
34,19,515.7,218.5,5.8,11.0,0.58,1,-1,-1
34,21,608.2,233.5,17.8,40.9,0.83,1,-1,-1
35,1,141.3,193.2,94.5,318.8,0.80,1,-1,-1
35,2,56.0,246.2,63.4,190.1,0.92,1,-1,-1
35,3,545.2,212.5,8.6,26.0,0.87,1,-1,-1
35,4,275.2,241.8,32.1,63.9,0.88,1,-1,-1
35,8,85.5,243.5,11.4,27.1,0.71,1,-1,-1
35,21,605.2,233.7,18.6,40.8,0.82,1,-1,-1
35,22,514.9,218.0,5.4,11.8,0.60,1,-1,-1
36,1,113.5,192.1,105.8,318.8,0.83,1,-1,-1
36,2,28.1,247.3,75.6,209.1,0.92,1,-1,-1
36,3,544.2,211.1,9.0,27.3,0.85,1,-1,-1
36,4,282.2,242.2,34.4,64.9,0.84,1,-1,-1
36,8,84.5,244.5,16.0,35.3,0.77,1,-1,-1
36,21,600.7,230.4,20.3,44.2,0.78,1,-1,-1
36,22,514.3,218.5,5.1,11.1,0.58,1,-1,-1
37,1,79.1,191.9,124.0,320.1,0.83,1,-1,-1
37,2,15.7,246.3,69.5,218.7,0.90,1,-1,-1
37,3,542.9,211.0,9.0,27.1,0.85,1,-1,-1
37,4,291.3,240.7,33.1,66.0,0.90,1,-1,-1
37,21,598.9,233.7,17.1,41.5,0.69,1,-1,-1
37,22,513.9,218.8,5.2,11.2,0.63,1,-1,-1
38,1,35.3,180.6,131.1,330.8,0.81,1,-1,-1
38,2,0.2,242.5,68.0,235.8,0.87,1,-1,-1
38,3,541.5,211.2,8.5,26.5,0.84,1,-1,-1
38,4,297.2,242.8,33.7,65.4,0.90,1,-1,-1
38,22,513.6,217.9,5.3,12.0,0.75,1,-1,-1
38,24,560.4,212.5,79.6,291.2,0.72,1,-1,-1
39,1,4.8,180.1,135.1,330.4,0.82,1,-1,-1
39,3,539.6,210.7,8.6,16.2,0.62,1,-1,-1
39,4,305.7,240.8,32.2,67.7,0.88,1,-1,-1
39,22,513.3,218.2,5.4,11.7,0.80,1,-1,-1
39,26,537.1,209.5,102.9,279.1,0.77,1,-1,-1
39,27,0.1,265.5,34.9,226.4,0.72,1,-1,-1
40,1,0.0,209.4,104.7,299.2,0.78,1,-1,-1
40,3,538.0,211.2,8.8,11.2,0.77,1,-1,-1
40,4,316.9,244.8,32.5,65.4,0.87,1,-1,-1
40,8,93.5,243.3,16.3,25.2,0.75,1,-1,-1
40,22,512.9,217.7,5.6,12.5,0.75,1,-1,-1
40,26,505.3,211.8,132.6,274.8,0.79,1,-1,-1
41,1,0.0,267.1,44.2,244.9,0.78,1,-1,-1
41,3,535.8,211.5,9.8,13.4,0.80,1,-1,-1
41,4,325.6,243.9,31.5,67.4,0.89,1,-1,-1
41,8,96.5,242.9,16.7,24.6,0.83,1,-1,-1
41,21,585.2,233.6,16.6,43.7,0.77,1,-1,-1
41,22,512.5,217.5,6.1,10.9,0.61,1,-1,-1
41,26,477.8,219.7,122.6,264.1,0.74,1,-1,-1
41,29,503.6,252.4,88.6,231.5,0.73,1,-1,-1
42,3,535.3,211.7,9.3,14.2,0.85,1,-1,-1
42,4,334.6,242.5,29.2,68.5,0.85,1,-1,-1
42,8,98.6,243.1,17.5,24.3,0.81,1,-1,-1
42,21,581.9,235.6,18.2,42.0,0.83,1,-1,-1
42,26,446.9,216.6,131.3,245.6,0.74,1,-1,-1
43,3,533.2,213.1,8.8,23.6,0.82,1,-1,-1
43,4,340.4,242.8,38.5,69.4,0.91,1,-1,-1
43,8,99.9,243.1,18.7,24.7,0.82,1,-1,-1
43,21,578.1,234.7,18.5,44.2,0.80,1,-1,-1
43,22,512.3,217.9,5.1,7.7,0.74,1,-1,-1
43,26,438.3,223.1,106.3,236.2,0.80,1,-1,-1
44,3,532.0,212.3,7.5,25.5,0.77,1,-1,-1
44,4,355.8,241.2,31.5,71.8,0.86,1,-1,-1
44,8,103.9,242.9,17.5,24.6,0.83,1,-1,-1
44,21,571.4,234.8,20.6,43.7,0.85,1,-1,-1
44,22,511.9,218.4,5.4,11.9,0.77,1,-1,-1
44,26,398.3,224.4,135.5,228.2,0.83,1,-1,-1
45,3,531.1,212.9,7.2,24.1,0.78,1,-1,-1
45,4,367.5,242.6,33.8,71.0,0.86,1,-1,-1
45,8,108.5,243.4,17.0,23.8,0.80,1,-1,-1
45,21,566.8,234.8,20.9,44.6,0.86,1,-1,-1
45,22,511.9,218.1,5.1,11.8,0.78,1,-1,-1
45,26,381.3,218.3,107.4,228.8,0.73,1,-1,-1
46,3,528.8,212.4,8.6,24.7,0.80,1,-1,-1
46,4,373.4,244.1,30.8,68.1,0.83,1,-1,-1
46,8,112.0,243.0,16.5,24.0,0.83,1,-1,-1
46,21,563.3,234.3,19.5,45.4,0.83,1,-1,-1
46,22,511.7,218.4,5.0,11.8,0.78,1,-1,-1
46,26,368.6,229.2,99.0,220.3,0.82,1,-1,-1
47,3,528.1,213.7,8.1,23.4,0.80,1,-1,-1
47,8,115.9,243.9,16.5,22.8,0.82,1,-1,-1
47,21,558.4,233.9,23.6,46.9,0.84,1,-1,-1
47,22,511.4,218.5,5.1,11.8,0.74,1,-1,-1
47,26,329.7,227.3,94.9,206.0,0.69,1,-1,-1
48,3,526.1,213.4,7.7,13.2,0.66,1,-1,-1
48,4,396.2,241.3,41.3,74.1,0.91,1,-1,-1
48,8,118.8,243.9,17.4,22.8,0.83,1,-1,-1
48,21,554.4,233.7,21.4,48.1,0.86,1,-1,-1
48,22,511.2,217.6,5.0,12.6,0.74,1,-1,-1
48,26,286.7,217.1,125.2,204.4,0.81,1,-1,-1
48,32,0.4,310.4,44.4,160.8,0.76,1,-1,-1
49,3,524.4,213.0,8.0,14.6,0.59,1,-1,-1
49,4,408.6,240.2,35.3,75.6,0.87,1,-1,-1
49,8,121.6,243.3,18.5,23.8,0.83,1,-1,-1
49,21,548.5,234.3,21.7,46.9,0.88,1,-1,-1
49,22,511.3,218.1,4.8,12.2,0.71,1,-1,-1
49,26,270.3,224.1,128.8,198.9,0.82,1,-1,-1
49,34,0.0,229.3,45.2,238.2,0.82,1,-1,-1
50,3,523.0,213.1,6.8,14.8,0.68,1,-1,-1
50,4,422.3,238.1,36.8,78.5,0.89,1,-1,-1
50,8,125.8,243.6,18.3,22.7,0.82,1,-1,-1
50,21,543.1,234.3,22.4,47.6,0.88,1,-1,-1
50,22,511.3,217.1,4.9,12.5,0.77,1,-1,-1
50,26,247.2,219.3,106.4,202.7,0.77,1,-1,-1
50,34,0.1,233.4,76.4,232.6,0.89,1,-1,-1
51,3,520.9,213.1,8.0,15.5,0.81,1,-1,-1
51,4,427.6,239.8,40.2,77.2,0.90,1,-1,-1
51,8,131.2,243.4,18.2,23.1,0.83,1,-1,-1
51,21,538.6,233.5,21.1,48.9,0.89,1,-1,-1
51,22,510.9,217.6,5.2,12.0,0.77,1,-1,-1
51,26,224.2,213.8,118.9,212.4,0.75,1,-1,-1
51,34,14.5,238.0,80.0,229.2,0.90,1,-1,-1
51,35,257.5,213.0,83.3,208.6,0.83,1,-1,-1
52,3,519.6,214.0,7.5,15.0,0.82,1,-1,-1
52,4,443.0,238.4,43.3,79.5,0.84,1,-1,-1
52,8,133.5,244.1,17.6,22.8,0.81,1,-1,-1
52,21,533.6,235.1,22.3,48.2,0.89,1,-1,-1
52,22,510.2,217.6,5.8,11.9,0.68,1,-1,-1
52,26,204.4,214.0,130.3,214.6,0.80,1,-1,-1
52,34,43.4,233.7,68.6,211.3,0.91,1,-1,-1
53,3,518.0,214.0,8.7,15.4,0.84,1,-1,-1
53,4,453.4,239.6,43.8,78.0,0.89,1,-1,-1
53,8,138.3,245.0,17.8,38.2,0.83,1,-1,-1
53,21,527.3,234.4,23.0,49.4,0.87,1,-1,-1
53,22,510.2,216.5,5.8,12.1,0.64,1,-1,-1
53,26,177.7,210.5,120.9,221.2,0.78,1,-1,-1
53,34,63.7,236.9,87.9,203.2,0.92,1,-1,-1
54,3,516.0,214.7,7.8,15.1,0.63,1,-1,-1
54,4,462.6,240.6,47.5,76.5,0.90,1,-1,-1
54,8,141.5,244.5,18.5,39.6,0.80,1,-1,-1
54,21,521.3,235.4,23.5,48.4,0.88,1,-1,-1
54,22,508.0,215.4,8.0,11.9,0.22,1,-1,-1
54,26,149.6,211.9,134.5,243.3,0.82,1,-1,-1
54,34,82.8,238.7,78.7,191.9,0.92,1,-1,-1
55,3,514.0,215.0,7.4,15.8,0.77,1,-1,-1
55,4,481.0,238.9,39.2,78.3,0.88,1,-1,-1
55,21,517.3,235.0,22.5,49.9,0.85,1,-1,-1
55,26,125.5,211.2,135.1,247.7,0.77,1,-1,-1
55,34,111.5,232.0,67.7,187.8,0.93,1,-1,-1
56,3,511.3,214.4,8.5,16.5,0.82,1,-1,-1
56,4,485.9,239.9,45.7,77.3,0.91,1,-1,-1
56,21,513.1,238.7,19.2,48.1,0.30,1,-1,-1
56,26,107.2,207.3,127.2,244.8,0.75,1,-1,-1
56,34,116.7,234.0,64.0,185.3,0.88,1,-1,-1
57,3,509.0,214.8,8.1,16.1,0.80,1,-1,-1
57,4,502.2,239.2,43.1,79.4,0.89,1,-1,-1
57,26,76.0,208.4,137.7,253.0,0.64,1,-1,-1
57,38,104.8,234.8,124.5,226.1,0.83,1,-1,-1
58,3,506.7,214.5,8.2,11.3,0.79,1,-1,-1
58,4,517.1,239.2,39.8,79.5,0.90,1,-1,-1
58,8,161.5,245.3,18.6,38.2,0.84,1,-1,-1
58,21,497.9,237.1,21.9,50.9,0.79,1,-1,-1
58,26,43.9,212.6,152.3,251.2,0.84,1,-1,-1
58,34,180.1,235.9,71.2,165.4,0.92,1,-1,-1
59,3,506.2,214.6,8.0,10.5,0.74,1,-1,-1
59,4,518.9,241.1,50.9,78.3,0.92,1,-1,-1
59,8,165.6,245.7,17.5,33.5,0.85,1,-1,-1
59,21,489.1,236.3,26.3,51.9,0.87,1,-1,-1
59,26,12.6,209.0,144.9,267.2,0.82,1,-1,-1
59,34,184.6,240.1,76.9,158.4,0.94,1,-1,-1
60,4,541.3,238.8,42.4,79.6,0.89,1,-1,-1
60,8,169.2,244.6,18.1,39.9,0.85,1,-1,-1
60,21,480.6,236.1,28.4,51.8,0.87,1,-1,-1
60,26,0.0,214.6,151.3,283.0,0.82,1,-1,-1
60,34,224.6,235.5,55.9,154.9,0.92,1,-1,-1
61,4,548.0,240.2,45.1,78.9,0.89,1,-1,-1
61,8,172.4,244.9,19.6,40.1,0.87,1,-1,-1
61,21,474.5,235.8,25.3,52.6,0.87,1,-1,-1
61,26,0.0,214.0,98.8,289.5,0.75,1,-1,-1
61,34,237.6,238.5,61.4,150.9,0.93,1,-1,-1
62,3,497.8,213.7,6.9,7.7,0.69,1,-1,-1
62,4,563.5,238.6,48.1,81.9,0.87,1,-1,-1
62,8,179.1,243.7,18.5,41.0,0.88,1,-1,-1
62,21,461.1,237.6,31.6,51.9,0.86,1,-1,-1
62,26,0.0,224.4,77.6,287.6,0.74,1,-1,-1
62,34,269.6,237.4,57.9,142.6,0.92,1,-1,-1
63,3,496.4,213.4,7.6,7.9,0.80,1,-1,-1
63,4,577.1,240.1,41.5,79.7,0.85,1,-1,-1
63,8,181.8,243.5,18.9,41.9,0.87,1,-1,-1
63,21,456.3,236.9,26.8,52.7,0.84,1,-1,-1
63,26,0.0,243.6,74.7,268.4,0.71,1,-1,-1
63,34,284.2,238.1,60.5,140.1,0.93,1,-1,-1
63,41,521.1,215.7,6.0,12.5,0.69,1,-1,-1
64,3,495.3,213.7,7.3,7.8,0.84,1,-1,-1
64,4,579.1,242.2,48.0,78.2,0.90,1,-1,-1
64,8,186.5,243.4,18.0,41.8,0.84,1,-1,-1
64,21,450.7,237.7,27.8,52.3,0.88,1,-1,-1
64,34,286.6,241.2,68.4,136.6,0.93,1,-1,-1
64,41,520.8,215.8,6.2,12.4,0.63,1,-1,-1
65,3,494.4,213.8,7.4,7.7,0.85,1,-1,-1
65,4,594.4,239.0,43.1,80.9,0.88,1,-1,-1
65,8,188.9,242.5,19.3,42.6,0.86,1,-1,-1
65,21,444.7,237.1,27.1,53.7,0.85,1,-1,-1
65,22,508.0,214.6,6.5,8.1,0.63,1,-1,-1
65,34,322.4,237.5,48.5,133.9,0.92,1,-1,-1
65,41,520.2,215.3,6.5,12.9,0.60,1,-1,-1
66,3,493.6,213.6,7.3,8.0,0.84,1,-1,-1
66,4,608.6,239.5,30.8,80.3,0.90,1,-1,-1
66,8,194.9,242.0,20.1,44.1,0.87,1,-1,-1
66,21,436.7,237.7,23.3,53.3,0.87,1,-1,-1
66,22,508.0,215.0,6.4,8.8,0.62,1,-1,-1
66,34,336.1,240.5,52.2,130.6,0.92,1,-1,-1
66,41,520.6,215.2,6.2,13.0,0.69,1,-1,-1
67,3,492.2,213.9,7.8,7.7,0.56,1,-1,-1
67,4,613.5,242.7,26.4,76.0,0.87,1,-1,-1
67,8,198.0,242.5,21.4,44.1,0.87,1,-1,-1
67,21,429.1,237.5,26.5,54.7,0.84,1,-1,-1
67,22,508.0,215.3,6.4,8.6,0.60,1,-1,-1
67,34,350.6,240.0,55.9,125.1,0.92,1,-1,-1
67,41,521.2,216.1,5.6,12.0,0.62,1,-1,-1
68,3,491.6,213.1,8.5,8.2,0.18,1,-1,-1
68,8,203.7,241.4,19.3,45.8,0.86,1,-1,-1
68,21,420.7,238.2,24.2,53.9,0.84,1,-1,-1
68,22,508.0,215.0,6.5,7.3,0.51,1,-1,-1
68,34,372.3,239.7,51.1,123.8,0.92,1,-1,-1
68,41,520.7,215.4,5.9,12.8,0.64,1,-1,-1
69,3,491.5,213.7,7.0,7.7,0.41,1,-1,-1
69,8,206.1,242.2,20.6,44.4,0.86,1,-1,-1
69,21,411.1,237.6,29.4,55.1,0.79,1,-1,-1
69,22,508.0,215.3,6.7,9.0,0.54,1,-1,-1
69,34,373.7,242.9,64.4,119.0,0.94,1,-1,-1
69,41,520.6,215.2,5.9,12.9,0.68,1,-1,-1
70,3,491.0,213.5,6.9,7.4,0.67,1,-1,-1
70,8,210.8,243.7,20.4,44.5,0.87,1,-1,-1
70,21,405.6,239.8,17.0,52.7,0.75,1,-1,-1
70,22,508.0,214.9,6.9,11.6,0.40,1,-1,-1
70,34,404.1,239.2,45.5,119.6,0.92,1,-1,-1
70,41,520.1,215.4,6.0,13.1,0.60,1,-1,-1
71,3,490.4,213.5,7.2,7.1,0.41,1,-1,-1
71,8,215.1,242.9,20.2,44.9,0.85,1,-1,-1
71,21,391.1,238.3,27.9,54.5,0.88,1,-1,-1
71,22,508.9,215.3,7.1,11.4,0.51,1,-1,-1
71,34,419.1,241.1,51.2,116.9,0.93,1,-1,-1
71,41,519.9,214.8,6.3,13.8,0.68,1,-1,-1
72,3,490.1,213.8,6.6,6.5,0.48,1,-1,-1
72,8,219.1,243.3,22.5,45.6,0.90,1,-1,-1
72,21,386.5,238.9,27.3,53.4,0.85,1,-1,-1
72,22,508.9,215.5,7.1,11.1,0.47,1,-1,-1
72,34,432.8,240.4,46.4,114.3,0.92,1,-1,-1
72,41,519.8,215.0,6.2,13.6,0.66,1,-1,-1
73,3,489.6,213.6,6.5,6.9,0.65,1,-1,-1
73,8,224.2,241.6,22.1,48.3,0.87,1,-1,-1
73,21,377.6,237.9,23.6,54.0,0.88,1,-1,-1
73,22,509.2,214.8,6.8,11.1,0.56,1,-1,-1
73,34,457.2,239.1,42.5,112.4,0.92,1,-1,-1
73,41,519.6,214.8,6.1,14.0,0.69,1,-1,-1
74,3,490.3,213.9,5.9,6.5,0.61,1,-1,-1
74,8,232.7,241.3,20.2,48.3,0.85,1,-1,-1
74,21,368.0,239.6,27.5,52.7,0.85,1,-1,-1
74,22,510.1,215.3,5.9,10.3,0.73,1,-1,-1
74,34,459.8,240.8,63.5,109.0,0.93,1,-1,-1
74,41,519.4,215.1,5.6,13.8,0.56,1,-1,-1
75,3,490.4,214.2,5.9,6.2,0.59,1,-1,-1
75,8,236.3,242.9,22.1,48.1,0.85,1,-1,-1
75,21,360.2,237.7,25.3,55.0,0.87,1,-1,-1
75,22,511.0,214.9,5.2,13.1,0.79,1,-1,-1
75,34,484.8,238.8,41.4,109.9,0.93,1,-1,-1
75,41,518.9,215.9,5.8,13.4,0.61,1,-1,-1
76,3,490.2,214.1,6.2,6.4,0.63,1,-1,-1
76,8,240.3,242.5,22.5,49.2,0.88,1,-1,-1
76,21,350.0,238.5,29.2,53.1,0.88,1,-1,-1
76,22,511.3,215.3,5.6,12.6,0.76,1,-1,-1
76,34,504.1,239.1,43.2,109.9,0.93,1,-1,-1
76,41,518.6,215.1,6.2,14.0,0.68,1,-1,-1
77,3,490.2,214.3,6.7,6.3,0.68,1,-1,-1
77,8,245.5,242.7,24.4,48.9,0.87,1,-1,-1
77,21,344.1,238.7,26.1,52.8,0.85,1,-1,-1
77,22,511.6,215.6,6.3,14.0,0.77,1,-1,-1
77,34,508.8,241.0,48.9,107.0,0.91,1,-1,-1
77,41,518.4,215.3,6.3,13.9,0.68,1,-1,-1
78,3,490.5,214.1,6.9,6.6,0.76,1,-1,-1
78,8,250.8,243.7,23.5,48.4,0.88,1,-1,-1
78,21,335.9,237.5,25.6,53.6,0.87,1,-1,-1
78,22,512.4,214.8,6.4,14.3,0.71,1,-1,-1
78,34,535.5,238.9,35.3,106.7,0.88,1,-1,-1
78,41,518.1,215.0,6.0,14.3,0.57,1,-1,-1
79,3,491.5,214.9,6.3,6.4,0.76,1,-1,-1
79,8,258.2,242.5,21.9,50.0,0.86,1,-1,-1
79,21,328.7,239.0,27.9,52.8,0.85,1,-1,-1
79,22,513.4,215.6,6.7,14.1,0.64,1,-1,-1
79,34,542.0,240.1,54.8,105.7,0.93,1,-1,-1
79,41,518.0,215.6,6.1,13.3,0.33,1,-1,-1
80,3,491.8,215.0,6.9,6.7,0.69,1,-1,-1
80,8,263.1,243.5,24.6,50.1,0.87,1,-1,-1
80,21,317.7,237.4,27.1,53.9,0.85,1,-1,-1
80,22,514.8,214.9,6.4,14.9,0.76,1,-1,-1
80,34,553.6,239.8,45.9,103.9,0.92,1,-1,-1
81,3,492.0,215.2,6.9,6.6,0.64,1,-1,-1
81,8,268.1,244.1,24.3,50.4,0.85,1,-1,-1
81,21,307.7,238.4,32.4,53.5,0.88,1,-1,-1
81,22,515.9,215.4,6.4,13.7,0.68,1,-1,-1
81,34,580.0,238.1,30.0,104.7,0.91,1,-1,-1
82,3,492.0,215.2,7.0,6.6,0.62,1,-1,-1
82,8,274.9,243.5,22.5,51.1,0.85,1,-1,-1
82,21,302.0,239.3,31.5,51.9,0.88,1,-1,-1
82,22,516.0,215.6,6.8,14.1,0.64,1,-1,-1
82,34,582.7,240.0,45.4,102.6,0.93,1,-1,-1
83,3,492.8,215.0,7.2,6.9,0.73,1,-1,-1
83,8,279.7,243.1,25.1,52.0,0.85,1,-1,-1
83,21,295.8,239.2,26.8,51.0,0.81,1,-1,-1
83,22,515.6,215.7,6.0,14.4,0.68,1,-1,-1
83,34,595.6,240.2,39.1,101.4,0.92,1,-1,-1
84,3,493.6,215.3,6.4,6.5,0.78,1,-1,-1
84,8,284.1,241.9,29.2,52.7,0.84,1,-1,-1
84,21,297.6,244.6,20.4,47.0,0.67,1,-1,-1
84,34,615.1,239.0,24.7,101.7,0.89,1,-1,-1
84,41,514.1,215.6,6.3,14.3,0.74,1,-1,-1
85,3,494.1,215.2,6.3,6.8,0.80,1,-1,-1
85,8,296.2,242.7,22.5,53.1,0.81,1,-1,-1
85,21,278.9,238.9,24.4,51.3,0.79,1,-1,-1
85,34,617.0,242.1,22.7,98.6,0.87,1,-1,-1
85,41,513.5,216.0,6.5,13.9,0.74,1,-1,-1
86,3,494.4,215.2,6.2,6.8,0.80,1,-1,-1
86,8,299.0,244.4,24.1,51.9,0.85,1,-1,-1
86,21,270.7,239.4,29.3,51.4,0.86,1,-1,-1
86,22,522.3,214.5,5.5,13.6,0.68,1,-1,-1
86,41,513.0,215.2,6.3,14.9,0.78,1,-1,-1
87,3,494.6,215.5,6.0,6.5,0.78,1,-1,-1
87,8,304.0,244.3,23.1,54.0,0.87,1,-1,-1
87,21,261.6,239.7,34.4,50.0,0.90,1,-1,-1
87,22,523.5,215.0,5.2,11.5,0.64,1,-1,-1
87,41,512.8,215.6,5.7,14.7,0.79,1,-1,-1
88,3,495.3,215.5,6.0,6.6,0.79,1,-1,-1
88,8,310.0,244.1,23.4,53.3,0.85,1,-1,-1
88,21,255.9,238.8,28.9,51.5,0.88,1,-1,-1
88,22,524.0,214.0,5.5,12.5,0.57,1,-1,-1
88,41,512.5,215.6,5.8,14.9,0.80,1,-1,-1
89,3,496.0,215.7,5.8,6.1,0.80,1,-1,-1
89,8,315.6,244.3,28.1,54.3,0.89,1,-1,-1
89,21,250.7,239.5,29.1,50.0,0.88,1,-1,-1
89,22,523.9,214.6,5.3,12.1,0.40,1,-1,-1
89,41,512.2,214.7,6.0,15.2,0.82,1,-1,-1
90,3,496.9,215.6,5.6,6.3,0.83,1,-1,-1
90,8,319.8,243.4,28.0,56.4,0.88,1,-1,-1
90,21,246.1,239.0,24.1,49.6,0.85,1,-1,-1
90,41,511.9,215.7,5.9,14.2,0.80,1,-1,-1
91,3,497.4,215.7,5.4,6.0,0.81,1,-1,-1
91,8,331.3,242.6,22.7,56.9,0.84,1,-1,-1
91,21,240.8,238.8,23.3,49.8,0.86,1,-1,-1
91,41,511.3,214.8,6.1,15.0,0.81,1,-1,-1
92,3,497.3,215.3,5.6,6.4,0.74,1,-1,-1
92,8,335.9,243.2,27.5,57.9,0.88,1,-1,-1
92,21,233.2,241.0,25.2,47.4,0.85,1,-1,-1
92,41,510.9,214.8,5.9,14.4,0.81,1,-1,-1
92,45,0.0,235.4,31.3,185.3,0.81,1,-1,-1
93,3,497.8,215.3,5.6,6.2,0.67,1,-1,-1
93,8,347.5,242.7,24.3,59.4,0.84,1,-1,-1
93,21,222.9,238.4,25.0,48.5,0.87,1,-1,-1
93,41,510.6,215.0,5.7,12.8,0.83,1,-1,-1
93,47,0.4,239.2,72.4,188.0,0.88,1,-1,-1
94,3,498.7,215.7,5.0,5.8,0.68,1,-1,-1
94,8,353.8,243.1,31.2,58.8,0.89,1,-1,-1
94,21,214.9,239.4,29.4,48.0,0.88,1,-1,-1
94,41,509.9,214.5,6.1,13.5,0.82,1,-1,-1
94,47,0.6,232.5,77.1,189.6,0.87,1,-1,-1
94,49,533.6,213.3,6.8,20.9,0.78,1,-1,-1
95,3,499.1,215.5,5.1,6.0,0.69,1,-1,-1
95,8,355.6,243.1,34.1,59.8,0.89,1,-1,-1
95,21,210.7,239.0,26.4,47.4,0.87,1,-1,-1
95,41,509.4,215.1,6.6,12.3,0.75,1,-1,-1
95,47,24.3,236.2,98.0,190.0,0.92,1,-1,-1
95,49,534.7,213.3,7.8,21.2,0.79,1,-1,-1
96,3,499.2,215.7,5.1,5.9,0.61,1,-1,-1
96,8,372.1,242.4,26.3,61.4,0.84,1,-1,-1
96,21,206.7,238.3,24.9,48.1,0.88,1,-1,-1
96,41,508.8,214.4,7.2,12.2,0.67,1,-1,-1
96,47,52.7,237.2,92.8,189.9,0.92,1,-1,-1
96,51,537.4,212.0,7.9,23.1,0.81,1,-1,-1
97,3,499.4,215.6,4.9,6.0,0.66,1,-1,-1
97,8,378.9,243.2,29.5,60.6,0.88,1,-1,-1
97,21,202.5,240.6,27.3,45.4,0.86,1,-1,-1
97,41,509.4,214.4,6.6,12.1,0.72,1,-1,-1
97,47,76.8,233.7,74.2,193.4,0.90,1,-1,-1
97,53,539.4,212.4,8.7,23.5,0.70,1,-1,-1
97,54,5.7,244.0,6.9,17.8,0.63,1,-1,-1
98,3,499.8,215.5,5.2,6.5,0.73,1,-1,-1
98,8,382.6,243.1,31.0,61.8,0.88,1,-1,-1
98,21,196.7,239.5,22.3,46.7,0.86,1,-1,-1
98,22,542.9,213.0,8.0,22.4,0.84,1,-1,-1
98,41,509.9,214.9,6.1,10.9,0.75,1,-1,-1
98,47,102.9,235.3,104.1,192.4,0.93,1,-1,-1
98,54,5.7,243.7,7.2,17.7,0.64,1,-1,-1
99,3,500.0,214.6,5.3,7.4,0.35,1,-1,-1
99,8,397.9,242.8,26.4,61.5,0.84,1,-1,-1
99,21,194.7,243.6,18.8,42.0,0.80,1,-1,-1
99,22,545.3,211.9,8.5,24.1,0.82,1,-1,-1
99,41,510.6,214.2,6.3,13.8,0.85,1,-1,-1
99,47,134.1,239.2,87.4,187.7,0.91,1,-1,-1
99,54,7.1,244.0,6.4,17.3,0.62,1,-1,-1
100,3,500.0,215.1,5.6,6.7,0.43,1,-1,-1
100,8,403.0,241.7,36.3,62.6,0.90,1,-1,-1
100,22,547.7,212.8,8.9,23.4,0.82,1,-1,-1
100,41,511.1,214.8,6.2,13.9,0.82,1,-1,-1
100,47,168.6,235.9,73.5,191.3,0.89,1,-1,-1
100,54,8.5,243.5,6.6,19.1,0.63,1,-1,-1
101,3,500.0,215.3,6.0,6.6,0.50,1,-1,-1
101,8,410.3,242.3,33.8,62.7,0.87,1,-1,-1
101,21,176.8,239.9,24.8,45.4,0.86,1,-1,-1
101,22,549.6,212.0,8.2,23.7,0.83,1,-1,-1
101,41,512.3,214.8,6.1,15.3,0.81,1,-1,-1
101,47,194.6,238.6,103.5,187.7,0.94,1,-1,-1
101,54,10.0,243.4,6.5,18.9,0.68,1,-1,-1
102,3,500.0,215.3,6.0,6.6,0.39,1,-1,-1
102,8,426.6,241.8,27.8,62.8,0.83,1,-1,-1
102,21,172.6,241.6,26.6,43.7,0.89,1,-1,-1
102,22,549.6,212.5,9.4,23.3,0.86,1,-1,-1
102,41,513.0,214.4,6.6,15.5,0.83,1,-1,-1
102,47,231.4,239.1,74.3,185.3,0.90,1,-1,-1
102,54,10.4,243.4,6.5,19.6,0.68,1,-1,-1
103,3,500.0,215.9,6.2,6.4,0.46,1,-1,-1
103,8,431.7,242.2,34.1,63.8,0.89,1,-1,-1
103,21,167.2,240.6,21.6,44.3,0.85,1,-1,-1
103,22,549.9,212.7,10.3,23.4,0.84,1,-1,-1
103,41,514.5,214.6,7.6,15.2,0.77,1,-1,-1
103,47,266.1,237.6,76.9,188.0,0.91,1,-1,-1
103,54,11.0,243.8,6.1,19.1,0.64,1,-1,-1
104,3,499.9,216.2,5.9,6.8,0.22,1,-1,-1
104,8,438.3,242.5,35.5,63.4,0.87,1,-1,-1
104,21,163.0,241.8,22.9,42.7,0.86,1,-1,-1
104,22,551.6,212.0,9.2,24.1,0.83,1,-1,-1
104,41,516.4,213.9,7.7,15.8,0.69,1,-1,-1
104,47,276.2,240.1,95.1,185.3,0.93,1,-1,-1
104,54,11.4,243.9,6.4,18.9,0.56,1,-1,-1
105,3,500.0,217.1,6.3,6.3,0.10,1,-1,-1
105,8,454.4,241.7,30.1,64.6,0.85,1,-1,-1
105,21,158.2,242.1,20.4,36.6,0.80,1,-1,-1
105,22,552.4,212.1,9.2,23.7,0.83,1,-1,-1
105,41,518.3,214.2,7.6,15.3,0.83,1,-1,-1
105,47,330.7,236.2,62.0,175.6,0.89,1,-1,-1
105,54,11.8,244.1,6.8,18.9,0.63,1,-1,-1
106,8,456.2,243.3,37.8,63.2,0.89,1,-1,-1
106,21,154.8,241.1,20.3,41.8,0.82,1,-1,-1
106,22,552.9,211.8,9.2,23.6,0.83,1,-1,-1
106,41,520.2,214.2,6.3,14.2,0.71,1,-1,-1
106,47,342.8,235.6,84.5,176.4,0.91,1,-1,-1
106,54,13.3,244.5,7.1,17.5,0.60,1,-1,-1
107,8,471.2,241.6,37.2,65.4,0.88,1,-1,-1
107,21,148.1,243.4,20.9,39.5,0.85,1,-1,-1
107,22,552.7,211.5,9.6,23.9,0.83,1,-1,-1
107,41,523.7,213.5,6.2,13.9,0.51,1,-1,-1
107,47,371.1,238.0,71.5,169.6,0.91,1,-1,-1
107,54,15.3,244.1,6.0,13.8,0.64,1,-1,-1
108,8,481.6,241.7,35.3,65.0,0.89,1,-1,-1
108,21,146.6,243.4,16.8,40.4,0.82,1,-1,-1
108,22,553.0,211.9,9.5,23.5,0.82,1,-1,-1
108,41,527.3,214.2,6.8,10.1,0.56,1,-1,-1
108,47,405.4,236.2,54.8,169.7,0.92,1,-1,-1
108,54,15.9,243.9,6.1,16.0,0.56,1,-1,-1
109,3,506.2,218.0,4.1,5.6,0.57,1,-1,-1
109,8,484.2,242.4,41.0,64.8,0.91,1,-1,-1
109,21,141.6,244.3,17.2,39.6,0.84,1,-1,-1
109,22,552.6,211.4,9.6,24.3,0.83,1,-1,-1
109,47,415.1,242.0,69.7,164.0,0.91,1,-1,-1
109,54,16.6,244.1,5.8,14.3,0.51,1,-1,-1
110,3,506.2,217.5,4.2,6.2,0.63,1,-1,-1
110,8,498.1,241.0,35.4,66.7,0.89,1,-1,-1
110,21,137.9,243.4,17.1,40.1,0.79,1,-1,-1
110,22,553.0,211.6,9.1,24.8,0.83,1,-1,-1
110,47,441.2,238.9,53.4,155.8,0.87,1,-1,-1
110,54,16.7,243.6,6.6,18.2,0.58,1,-1,-1
110,55,532.0,214.3,6.5,23.0,0.71,1,-1,-1
111,3,506.2,217.5,4.2,5.8,0.66,1,-1,-1
111,8,508.0,242.0,34.7,65.2,0.88,1,-1,-1
111,21,132.2,243.4,18.6,43.6,0.79,1,-1,-1
111,22,553.0,213.4,9.6,24.6,0.83,1,-1,-1
111,41,532.8,214.0,8.8,23.9,0.77,1,-1,-1
111,47,463.7,241.2,57.1,151.7,0.90,1,-1,-1
111,54,17.9,244.0,7.5,16.8,0.55,1,-1,-1
112,3,506.4,217.8,4.1,5.7,0.69,1,-1,-1
112,8,521.7,242.1,30.8,66.5,0.88,1,-1,-1
112,21,129.1,243.2,17.7,23.2,0.77,1,-1,-1
112,22,553.0,213.4,9.5,25.5,0.83,1,-1,-1
112,41,535.2,213.3,10.0,24.9,0.82,1,-1,-1
112,47,465.3,240.1,68.4,152.8,0.91,1,-1,-1
112,54,18.8,243.8,7.6,18.1,0.72,1,-1,-1
113,3,506.4,217.5,4.4,6.0,0.74,1,-1,-1
113,8,536.4,241.0,28.0,49.5,0.84,1,-1,-1
113,21,123.9,242.2,17.2,24.0,0.82,1,-1,-1
113,22,552.2,215.1,9.8,24.0,0.80,1,-1,-1
113,41,537.9,214.4,12.3,24.5,0.71,1,-1,-1
113,47,498.0,241.8,51.8,140.1,0.91,1,-1,-1
113,54,19.9,243.7,6.9,17.7,0.67,1,-1,-1
114,3,506.7,217.6,4.6,6.2,0.76,1,-1,-1
114,8,548.1,242.6,23.8,63.7,0.75,1,-1,-1
114,21,120.3,243.4,17.9,23.0,0.83,1,-1,-1
114,22,552.1,215.3,9.6,24.4,0.79,1,-1,-1
114,41,541.5,212.8,11.0,25.4,0.78,1,-1,-1
114,47,514.0,243.1,45.6,140.6,0.88,1,-1,-1
114,54,20.4,243.7,6.5,17.4,0.69,1,-1,-1
115,3,507.0,217.7,4.4,6.1,0.78,1,-1,-1
115,21,116.5,243.0,16.6,23.3,0.81,1,-1,-1
115,22,551.7,215.0,9.5,26.0,0.76,1,-1,-1
115,41,546.6,214.8,8.4,23.6,0.71,1,-1,-1
115,47,519.5,244.3,53.8,133.0,0.90,1,-1,-1
115,54,21.1,244.2,6.5,18.0,0.69,1,-1,-1
116,3,507.2,218.1,4.7,6.0,0.77,1,-1,-1
116,21,112.8,243.8,16.5,22.8,0.83,1,-1,-1
116,22,551.1,214.7,10.1,27.9,0.83,1,-1,-1
116,47,549.7,241.7,37.2,131.9,0.91,1,-1,-1
116,54,21.4,243.6,6.9,20.2,0.72,1,-1,-1
116,58,0.0,225.9,35.1,239.6,0.67,1,-1,-1
117,3,507.4,217.9,4.8,6.3,0.76,1,-1,-1
117,21,107.4,243.3,17.3,23.7,0.81,1,-1,-1
117,22,551.8,216.8,10.1,27.5,0.83,1,-1,-1
117,47,551.8,241.8,53.6,132.1,0.91,1,-1,-1
117,54,22.0,243.2,7.9,19.0,0.64,1,-1,-1
117,58,0.0,223.6,40.1,242.0,0.84,1,-1,-1
118,3,507.6,218.0,5.1,6.4,0.75,1,-1,-1
118,21,103.4,243.2,17.5,24.4,0.82,1,-1,-1
118,22,550.4,219.1,11.7,25.8,0.83,1,-1,-1
118,41,559.5,213.6,6.2,17.9,0.76,1,-1,-1
118,47,566.9,240.5,47.7,125.1,0.91,1,-1,-1
118,54,22.8,244.3,8.4,19.8,0.66,1,-1,-1
118,59,0.7,211.7,50.1,253.8,0.72,1,-1,-1
119,3,507.9,218.2,5.0,6.2,0.73,1,-1,-1
119,21,99.6,243.5,17.0,24.0,0.82,1,-1,-1
119,22,550.4,219.3,11.0,25.9,0.84,1,-1,-1
119,41,560.8,213.2,8.7,22.6,0.78,1,-1,-1
119,47,590.5,238.7,31.8,125.3,0.86,1,-1,-1
119,54,24.4,241.3,9.3,21.2,0.17,1,-1,-1
119,59,0.1,218.9,71.1,241.2,0.91,1,-1,-1
120,3,508.0,217.7,5.5,6.3,0.71,1,-1,-1
120,8,588.7,239.2,28.1,69.2,0.72,1,-1,-1
120,21,95.6,242.8,17.8,25.1,0.81,1,-1,-1
120,22,549.9,220.3,10.5,26.6,0.85,1,-1,-1
120,41,564.0,213.3,8.8,19.4,0.69,1,-1,-1
120,47,593.3,238.8,43.7,126.6,0.78,1,-1,-1
120,59,0.0,219.1,99.2,224.2,0.87,1,-1,-1
121,3,508.0,218.2,6.2,6.0,0.64,1,-1,-1
121,8,599.3,241.6,27.2,65.8,0.65,1,-1,-1
121,21,90.8,242.3,19.3,37.7,0.77,1,-1,-1
121,22,550.3,221.9,10.3,25.4,0.85,1,-1,-1
121,41,567.5,214.8,7.8,17.9,0.79,1,-1,-1
121,47,610.6,239.7,29.0,115.2,0.82,1,-1,-1
121,59,14.4,219.2,103.1,212.3,0.89,1,-1,-1
122,3,509.8,218.6,6.2,9.2,0.55,1,-1,-1
122,8,615.9,239.2,20.1,70.0,0.44,1,-1,-1
122,21,90.5,244.4,14.3,25.4,0.35,1,-1,-1
122,22,550.8,221.8,10.3,26.7,0.85,1,-1,-1
122,47,619.9,239.0,19.7,116.0,0.58,1,-1,-1
122,54,27.9,243.4,7.3,21.3,0.60,1,-1,-1
122,59,26.1,229.9,117.1,192.3,0.89,1,-1,-1
123,3,510.4,218.6,5.6,9.5,0.66,1,-1,-1
123,8,616.5,243.2,23.4,65.2,0.81,1,-1,-1
123,22,549.8,223.4,10.3,26.9,0.85,1,-1,-1
123,41,575.0,215.9,8.3,16.9,0.80,1,-1,-1
123,54,29.0,243.0,7.8,21.7,0.73,1,-1,-1
123,59,42.1,224.2,133.5,190.5,0.87,1,-1,-1
124,3,511.1,218.8,4.9,9.6,0.71,1,-1,-1
124,22,549.4,224.1,9.9,26.0,0.84,1,-1,-1
124,41,577.4,217.1,8.7,16.0,0.82,1,-1,-1
124,54,29.5,243.3,9.1,22.1,0.79,1,-1,-1
124,59,45.7,228.9,109.0,190.1,0.67,1,-1,-1
124,63,41.2,230.2,155.3,184.1,0.83,1,-1,-1
125,3,511.6,218.5,4.5,10.0,0.73,1,-1,-1
125,21,74.4,242.4,15.9,21.7,0.73,1,-1,-1
125,22,548.9,225.7,10.0,26.5,0.84,1,-1,-1
125,41,581.1,219.6,7.3,11.2,0.63,1,-1,-1
125,54,32.1,243.0,8.4,20.8,0.81,1,-1,-1
125,59,69.1,227.2,118.4,166.5,0.89,1,-1,-1
126,3,511.7,218.8,4.9,10.9,0.72,1,-1,-1
126,21,71.5,243.1,16.3,23.4,0.84,1,-1,-1
126,22,549.0,226.8,9.8,25.5,0.84,1,-1,-1
126,41,584.3,220.1,6.3,10.9,0.74,1,-1,-1
126,54,34.1,243.0,7.7,19.9,0.80,1,-1,-1
126,59,94.7,227.4,103.5,164.3,0.90,1,-1,-1
127,3,512.2,218.5,4.9,11.5,0.75,1,-1,-1
127,21,67.7,242.2,17.0,24.1,0.86,1,-1,-1
127,22,547.9,227.3,9.9,26.5,0.84,1,-1,-1
127,41,587.8,219.6,6.2,11.5,0.60,1,-1,-1
127,54,35.9,243.6,7.0,19.8,0.74,1,-1,-1
127,59,104.7,232.8,109.1,148.2,0.91,1,-1,-1
128,3,512.5,219.2,5.0,11.2,0.76,1,-1,-1
128,21,64.7,241.7,17.4,24.5,0.84,1,-1,-1
128,22,545.5,228.5,10.9,27.5,0.83,1,-1,-1
128,41,590.5,223.8,5.8,7.1,0.53,1,-1,-1
128,54,37.1,242.9,7.1,21.2,0.79,1,-1,-1
128,59,114.9,228.2,115.6,154.0,0.91,1,-1,-1
129,3,512.9,219.1,5.0,11.3,0.74,1,-1,-1
129,21,61.3,243.0,16.9,23.2,0.84,1,-1,-1
129,22,545.7,228.7,10.4,27.7,0.83,1,-1,-1
129,41,593.8,222.5,5.8,8.8,0.74,1,-1,-1
129,54,38.2,242.3,7.1,21.8,0.78,1,-1,-1
129,59,122.4,231.4,111.5,151.4,0.90,1,-1,-1
130,3,513.2,218.8,5.0,11.6,0.74,1,-1,-1
130,21,58.1,242.2,17.3,24.2,0.85,1,-1,-1
130,22,544.9,230.8,10.5,28.3,0.83,1,-1,-1
130,41,595.9,223.7,6.8,8.2,0.61,1,-1,-1
130,54,39.0,243.5,7.3,21.1,0.77,1,-1,-1
130,59,140.4,234.9,92.0,129.6,0.92,1,-1,-1
131,3,513.4,219.2,4.9,11.3,0.73,1,-1,-1
131,21,54.8,241.7,16.2,24.8,0.86,1,-1,-1
131,22,544.0,231.0,11.2,28.6,0.83,1,-1,-1
131,41,598.7,224.1,6.6,7.5,0.68,1,-1,-1
131,54,40.6,243.1,7.8,21.3,0.78,1,-1,-1
131,59,158.2,230.8,84.0,133.4,0.91,1,-1,-1
132,3,513.6,219.0,5.3,11.6,0.73,1,-1,-1
132,21,51.9,242.9,15.8,24.1,0.85,1,-1,-1
132,22,543.6,231.6,11.2,28.2,0.84,1,-1,-1
132,41,600.9,222.9,6.5,8.1,0.68,1,-1,-1
132,54,41.9,242.6,6.8,23.3,0.73,1,-1,-1
132,59,162.7,235.9,82.5,128.6,0.91,1,-1,-1
133,3,514.0,219.1,5.4,11.3,0.72,1,-1,-1
133,21,48.7,241.8,16.4,25.4,0.81,1,-1,-1
133,22,541.9,231.9,12.1,28.6,0.84,1,-1,-1
133,54,43.5,244.2,7.0,22.5,0.62,1,-1,-1
133,59,163.7,235.4,100.1,122.7,0.91,1,-1,-1
134,3,515.2,219.4,4.7,10.9,0.68,1,-1,-1
134,21,44.6,242.5,15.4,24.9,0.83,1,-1,-1
134,22,543.2,232.0,10.5,27.8,0.84,1,-1,-1
134,59,179.2,233.2,83.7,123.6,0.93,1,-1,-1
135,3,515.6,219.1,4.6,11.1,0.68,1,-1,-1
135,21,44.1,242.9,14.7,24.2,0.85,1,-1,-1
135,22,543.8,232.8,9.9,27.5,0.83,1,-1,-1
135,59,179.6,237.8,83.5,119.0,0.91,1,-1,-1
136,3,515.9,219.4,5.1,9.1,0.52,1,-1,-1
136,21,41.6,242.4,15.3,25.2,0.85,1,-1,-1
136,22,543.8,231.8,11.3,28.9,0.84,1,-1,-1
136,59,207.8,235.5,47.0,109.7,0.92,1,-1,-1
137,3,516.0,219.2,5.1,10.1,0.49,1,-1,-1
137,21,38.7,242.6,15.0,24.8,0.77,1,-1,-1
137,22,544.0,231.8,11.9,29.6,0.83,1,-1,-1
137,54,45.0,243.6,12.1,24.2,0.57,1,-1,-1
137,59,212.1,235.2,47.9,109.6,0.92,1,-1,-1
138,3,516.0,219.8,7.5,9.4,0.23,1,-1,-1
138,21,35.7,242.6,14.9,24.6,0.84,1,-1,-1
138,22,544.4,231.9,13.4,31.1,0.84,1,-1,-1
138,54,50.3,243.0,8.3,23.4,0.72,1,-1,-1
138,59,216.3,238.8,54.8,101.7,0.89,1,-1,-1
139,3,518.3,220.6,5.7,8.8,0.60,1,-1,-1
139,21,33.6,242.1,15.0,24.8,0.82,1,-1,-1
139,22,547.6,231.0,11.3,32.2,0.84,1,-1,-1
139,54,51.8,243.5,7.4,22.5,0.66,1,-1,-1
139,59,252.3,236.1,32.7,103.7,0.90,1,-1,-1
140,3,518.3,220.3,5.7,8.7,0.53,1,-1,-1
140,21,31.1,241.9,14.3,25.7,0.84,1,-1,-1
140,22,550.6,232.0,11.4,30.3,0.84,1,-1,-1
140,54,53.4,243.5,6.9,23.5,0.74,1,-1,-1
140,59,258.0,238.7,55.7,101.0,0.93,1,-1,-1
141,3,517.4,220.7,6.6,8.7,0.40,1,-1,-1
141,21,28.6,241.5,14.5,26.1,0.84,1,-1,-1
141,22,553.9,231.5,11.5,32.6,0.83,1,-1,-1
141,54,54.1,242.7,8.1,24.1,0.78,1,-1,-1
141,59,288.1,235.4,34.9,98.5,0.90,1,-1,-1
142,3,517.5,220.6,6.5,8.2,0.22,1,-1,-1
142,21,28.0,242.5,13.1,25.0,0.83,1,-1,-1
142,22,555.9,231.4,12.5,32.2,0.86,1,-1,-1
142,54,54.3,243.3,9.5,23.6,0.83,1,-1,-1
142,59,303.7,234.8,43.6,99.9,0.93,1,-1,-1
143,3,520.2,220.2,4.5,8.5,0.32,1,-1,-1
143,21,24.0,241.7,14.1,25.2,0.81,1,-1,-1
143,22,557.8,232.6,14.1,33.0,0.84,1,-1,-1
143,54,55.9,243.4,10.1,23.5,0.82,1,-1,-1
143,59,308.0,237.2,63.4,99.1,0.93,1,-1,-1
144,3,520.2,219.9,5.1,8.8,0.41,1,-1,-1
144,21,22.3,241.8,14.3,25.6,0.83,1,-1,-1
144,22,562.4,231.5,13.2,34.6,0.85,1,-1,-1
144,54,58.6,243.2,8.1,23.3,0.80,1,-1,-1
144,59,338.9,233.3,35.7,102.1,0.92,1,-1,-1
145,3,520.2,219.0,6.1,9.4,0.39,1,-1,-1
145,21,19.9,242.2,13.6,25.1,0.81,1,-1,-1
145,22,567.7,231.4,15.0,37.9,0.87,1,-1,-1
145,54,61.1,243.4,7.0,23.7,0.73,1,-1,-1
145,59,353.4,236.2,60.1,100.4,0.93,1,-1,-1
145,71,511.5,221.2,5.0,8.8,0.76,1,-1,-1
146,3,520.1,219.1,5.7,9.4,0.30,1,-1,-1
146,21,17.3,242.8,14.2,26.0,0.76,1,-1,-1
146,22,570.7,231.8,14.9,37.7,0.84,1,-1,-1
146,54,62.2,243.2,7.5,23.3,0.76,1,-1,-1
146,59,372.1,234.5,41.3,99.5,0.92,1,-1,-1
147,3,520.9,219.9,4.9,8.6,0.45,1,-1,-1
147,21,14.9,244.1,13.8,26.1,0.76,1,-1,-1
147,22,576.6,231.4,13.0,39.9,0.82,1,-1,-1
147,54,63.3,242.7,8.9,24.0,0.81,1,-1,-1
147,59,400.2,233.4,42.0,101.2,0.92,1,-1,-1
148,3,521.6,220.4,4.7,7.9,0.46,1,-1,-1
148,21,13.1,243.2,13.4,26.7,0.78,1,-1,-1
148,22,578.7,233.3,14.7,37.7,0.85,1,-1,-1
148,54,64.0,243.6,9.8,23.1,0.81,1,-1,-1
148,59,401.3,236.6,57.9,98.7,0.94,1,-1,-1
149,3,521.9,220.7,4.7,7.6,0.51,1,-1,-1
149,21,11.8,242.8,13.1,30.2,0.75,1,-1,-1
149,22,587.1,232.3,11.7,39.5,0.83,1,-1,-1
149,54,66.2,243.8,10.1,23.0,0.79,1,-1,-1
149,59,433.3,233.4,32.1,101.7,0.91,1,-1,-1
150,3,521.9,220.8,4.9,7.5,0.48,1,-1,-1
150,21,10.9,242.6,12.3,30.5,0.74,1,-1,-1
150,22,591.1,232.2,17.3,41.1,0.88,1,-1,-1
150,54,69.1,243.3,9.2,22.9,0.78,1,-1,-1
150,59,447.5,235.2,51.7,100.2,0.93,1,-1,-1
151,3,522.4,221.3,4.3,7.0,0.49,1,-1,-1
151,21,7.6,242.7,14.2,28.7,0.75,1,-1,-1
151,22,595.6,231.6,15.3,40.9,0.86,1,-1,-1
151,54,71.2,243.5,8.7,22.5,0.77,1,-1,-1
151,59,457.9,235.4,46.7,97.1,0.92,1,-1,-1
152,3,522.5,221.1,4.3,7.2,0.33,1,-1,-1
152,21,6.5,244.0,13.5,27.2,0.78,1,-1,-1
152,22,604.0,231.8,11.6,40.8,0.82,1,-1,-1
152,54,72.0,243.4,9.3,22.7,0.80,1,-1,-1
152,59,490.3,233.1,32.2,100.8,0.90,1,-1,-1
153,3,522.4,221.1,4.7,6.9,0.11,1,-1,-1
153,21,4.8,242.7,14.3,27.3,0.80,1,-1,-1
153,22,606.5,233.2,15.4,39.8,0.84,1,-1,-1
153,54,72.9,242.7,10.4,23.5,0.79,1,-1,-1
153,59,492.9,237.2,54.7,95.9,0.92,1,-1,-1
154,3,521.6,218.9,5.4,9.0,0.12,1,-1,-1
154,21,4.1,243.4,14.0,28.3,0.79,1,-1,-1
154,22,617.1,232.7,11.8,41.1,0.80,1,-1,-1
154,54,75.2,242.8,10.0,23.8,0.77,1,-1,-1
154,59,518.1,234.5,36.2,100.4,0.91,1,-1,-1
155,3,521.5,218.7,5.6,9.4,0.21,1,-1,-1
155,21,3.8,243.3,12.1,28.0,0.74,1,-1,-1
155,22,619.8,233.5,15.8,39.5,0.85,1,-1,-1
155,54,76.9,242.9,9.1,23.3,0.78,1,-1,-1
155,59,536.1,233.3,39.2,101.1,0.92,1,-1,-1
156,3,521.7,218.6,5.4,9.6,0.31,1,-1,-1
156,21,3.3,243.0,10.9,27.3,0.74,1,-1,-1
156,22,625.9,233.8,13.9,37.4,0.81,1,-1,-1
156,54,79.2,244.7,9.8,22.0,0.76,1,-1,-1
156,59,538.8,235.5,51.4,98.9,0.90,1,-1,-1
157,3,521.9,218.4,5.2,9.7,0.38,1,-1,-1
157,21,2.3,244.4,10.9,25.4,0.71,1,-1,-1
157,54,82.5,242.5,9.1,22.0,0.65,1,-1,-1
157,59,570.6,231.7,31.2,101.4,0.90,1,-1,-1
158,3,521.9,218.7,5.1,9.4,0.38,1,-1,-1
158,21,1.8,243.8,9.7,24.9,0.75,1,-1,-1
158,54,85.5,242.6,7.7,27.9,0.74,1,-1,-1
158,59,578.3,234.0,44.7,99.4,0.91,1,-1,-1
159,3,522.0,218.8,5.1,9.2,0.41,1,-1,-1
159,21,0.7,243.8,9.7,27.0,0.77,1,-1,-1
159,54,85.1,241.8,11.2,34.8,0.71,1,-1,-1
159,59,583.8,235.0,50.1,103.3,0.92,1,-1,-1
160,3,521.8,219.1,5.2,8.8,0.36,1,-1,-1
160,21,0.2,243.4,9.3,27.7,0.75,1,-1,-1
160,54,86.1,242.5,12.9,33.4,0.77,1,-1,-1
160,59,607.5,233.5,29.6,102.2,0.83,1,-1,-1
161,3,521.8,219.7,4.9,8.3,0.28,1,-1,-1
161,21,0.0,243.5,8.7,28.9,0.74,1,-1,-1
161,54,87.8,243.1,12.4,32.4,0.79,1,-1,-1
161,59,612.5,238.0,27.2,97.3,0.86,1,-1,-1
161,75,513.0,220.6,4.4,8.9,0.72,1,-1,-1
162,3,521.8,219.7,4.3,8.2,0.18,1,-1,-1
162,21,0.0,244.6,6.7,25.8,0.69,1,-1,-1
162,54,91.4,242.7,12.1,31.5,0.70,1,-1,-1
162,75,513.8,220.1,4.5,9.7,0.69,1,-1,-1
163,3,522.0,219.7,4.0,8.2,0.17,1,-1,-1
163,21,0.1,243.4,5.1,24.0,0.61,1,-1,-1
163,54,94.3,243.1,11.3,26.3,0.80,1,-1,-1
164,3,522.3,220.7,3.8,7.6,0.23,1,-1,-1
164,54,96.0,243.2,11.4,24.0,0.83,1,-1,-1
165,3,521.8,220.4,4.3,8.2,0.25,1,-1,-1
165,54,97.2,242.2,14.0,25.4,0.83,1,-1,-1
166,3,521.0,220.2,4.6,8.5,0.21,1,-1,-1
166,54,99.6,242.9,13.4,24.4,0.83,1,-1,-1
167,54,102.2,243.0,14.2,24.4,0.83,1,-1,-1
168,54,105.1,242.4,14.0,25.0,0.83,1,-1,-1
169,3,518.9,220.3,5.2,8.8,0.61,1,-1,-1
169,54,107.2,243.3,13.8,23.9,0.86,1,-1,-1
170,3,519.3,219.9,4.8,9.0,0.54,1,-1,-1
170,54,108.6,243.0,13.8,24.1,0.84,1,-1,-1
171,3,519.0,219.8,5.2,9.3,0.58,1,-1,-1
171,54,110.2,242.6,14.0,24.3,0.82,1,-1,-1
172,3,519.1,220.3,5.3,8.8,0.60,1,-1,-1
172,54,112.1,243.1,14.2,23.6,0.82,1,-1,-1
173,3,518.9,220.2,5.5,9.1,0.55,1,-1,-1
173,54,115.0,243.5,14.0,22.8,0.85,1,-1,-1
174,3,518.6,220.2,5.7,8.9,0.50,1,-1,-1
174,54,116.5,242.9,14.2,23.4,0.84,1,-1,-1
175,3,518.5,220.6,5.8,8.3,0.39,1,-1,-1
175,54,118.4,242.7,14.3,23.6,0.84,1,-1,-1
176,54,120.3,243.5,14.4,22.8,0.84,1,-1,-1
177,54,122.7,243.0,14.8,23.5,0.85,1,-1,-1
178,54,124.8,242.6,14.7,24.0,0.83,1,-1,-1
179,3,516.0,221.1,4.4,8.0,0.58,1,-1,-1
179,54,127.9,243.3,14.6,23.2,0.83,1,-1,-1
180,3,515.6,221.6,3.8,8.3,0.73,1,-1,-1
180,54,131.4,243.9,14.7,22.3,0.83,1,-1,-1
181,3,514.9,221.3,3.9,8.8,0.75,1,-1,-1
181,54,133.9,244.6,13.9,21.9,0.82,1,-1,-1
182,3,514.5,221.3,3.8,8.6,0.75,1,-1,-1
182,54,135.2,244.9,14.4,21.4,0.81,1,-1,-1
183,3,514.0,221.5,3.7,8.6,0.74,1,-1,-1
183,54,138.7,245.3,14.2,36.5,0.79,1,-1,-1
