1,1,370.0,216.7,35.3,68.2,0.90,1,-1,-1
1,2,274.9,215.5,35.1,73.9,0.89,1,-1,-1
1,3,56.4,227.3,25.9,59.8,0.88,1,-1,-1
1,4,583.1,211.8,14.5,50.0,0.84,1,-1,-1
1,5,411.1,217.4,18.3,60.0,0.80,1,-1,-1
1,6,551.7,210.6,24.3,57.0,0.79,1,-1,-1
1,7,524.8,212.1,23.8,53.9,0.76,1,-1,-1
1,8,539.6,207.4,21.5,68.4,0.76,1,-1,-1
1,9,352.3,213.5,38.8,63.2,0.73,1,-1,-1
2,1,371.8,217.8,34.0,66.5,0.88,1,-1,-1
2,3,68.5,226.7,15.6,60.6,0.87,1,-1,-1
2,4,578.9,213.6,19.0,48.3,0.86,1,-1,-1
2,5,411.9,218.9,28.7,58.0,0.88,1,-1,-1
2,6,553.6,211.4,27.7,58.1,0.86,1,-1,-1
2,7,518.1,214.0,23.7,52.8,0.76,1,-1,-1
2,8,535.2,206.2,21.1,69.6,0.76,1,-1,-1
2,9,361.6,211.8,33.1,62.6,0.74,1,-1,-1
2,10,288.1,213.3,22.6,75.8,0.83,1,-1,-1
3,1,378.6,216.6,27.6,66.6,0.87,1,-1,-1
3,3,72.8,225.6,17.5,61.4,0.87,1,-1,-1
3,4,578.9,214.2,18.7,48.2,0.81,1,-1,-1
3,5,414.1,219.1,28.3,57.3,0.86,1,-1,-1
3,6,554.6,212.1,29.9,56.6,0.82,1,-1,-1
3,7,517.4,213.3,17.6,53.9,0.80,1,-1,-1
3,8,530.5,208.4,23.1,68.6,0.79,1,-1,-1
3,9,368.8,211.2,30.0,62.7,0.63,1,-1,-1
3,10,288.5,212.5,29.0,76.5,0.83,1,-1,-1
4,1,386.6,216.5,23.1,66.8,0.85,1,-1,-1
4,3,75.0,225.3,29.5,62.2,0.90,1,-1,-1
4,4,578.3,215.0,18.0,46.8,0.74,1,-1,-1
4,5,423.1,218.1,21.0,57.5,0.85,1,-1,-1
4,6,563.1,211.2,24.6,56.1,0.82,1,-1,-1
4,7,514.3,212.5,15.7,54.1,0.78,1,-1,-1
4,8,522.8,208.3,29.6,69.1,0.86,1,-1,-1
4,9,374.0,210.3,29.4,64.2,0.78,1,-1,-1
4,11,297.3,214.8,33.0,74.4,0.86,1,-1,-1
5,1,393.5,216.6,22.1,65.8,0.85,1,-1,-1
5,3,76.5,226.8,34.0,60.5,0.92,1,-1,-1
5,5,431.8,216.3,16.2,57.7,0.75,1,-1,-1
5,6,569.4,210.2,22.2,57.5,0.84,1,-1,-1
5,7,506.1,211.8,18.2,55.1,0.74,1,-1,-1
5,8,519.7,208.2,29.4,70.7,0.86,1,-1,-1
5,9,377.8,210.7,29.6,64.5,0.75,1,-1,-1
5,11,299.0,217.2,38.7,71.9,0.89,1,-1,-1
6,1,396.3,214.2,30.5,68.9,0.89,1,-1,-1
6,3,91.5,225.3,20.1,61.9,0.88,1,-1,-1
6,5,435.1,217.2,28.6,57.5,0.90,1,-1,-1
6,6,572.7,211.5,25.8,56.4,0.89,1,-1,-1
6,7,495.4,213.9,21.6,60.0,0.77,1,-1,-1
6,8,512.0,205.7,23.9,74.2,0.80,1,-1,-1
6,9,379.3,211.6,37.6,64.0,0.73,1,-1,-1
6,11,311.5,219.2,27.8,69.2,0.77,1,-1,-1
7,1,397.0,216.1,31.5,66.9,0.86,1,-1,-1
7,3,96.8,224.5,15.9,62.9,0.86,1,-1,-1
7,5,436.2,217.1,28.9,58.2,0.88,1,-1,-1
7,6,572.3,211.4,27.3,56.0,0.89,1,-1,-1
7,7,496.1,213.8,17.2,52.2,0.73,1,-1,-1
7,8,508.9,205.7,24.9,74.7,0.79,1,-1,-1
7,9,382.5,211.1,38.8,64.9,0.73,1,-1,-1
7,11,316.8,214.0,24.3,74.2,0.79,1,-1,-1
8,1,406.6,217.1,26.0,63.8,0.87,1,-1,-1
8,3,102.5,225.3,27.0,62.3,0.90,1,-1,-1
8,4,564.9,212.5,18.3,51.6,0.82,1,-1,-1
8,5,448.1,216.0,20.8,57.9,0.73,1,-1,-1
8,6,580.4,211.4,21.5,55.6,0.87,1,-1,-1
8,7,490.8,212.7,15.3,51.6,0.76,1,-1,-1
8,8,503.0,207.0,26.2,73.1,0.84,1,-1,-1
8,9,396.5,209.6,29.9,61.7,0.76,1,-1,-1
8,11,321.7,218.2,33.2,69.5,0.84,1,-1,-1
9,1,414.1,216.3,24.2,65.0,0.85,1,-1,-1
9,3,103.8,226.8,33.5,61.0,0.91,1,-1,-1
9,4,563.3,212.2,18.4,52.2,0.83,1,-1,-1
9,5,455.9,215.4,17.5,58.9,0.78,1,-1,-1
9,6,583.3,210.7,21.8,56.0,0.84,1,-1,-1
9,7,481.1,212.6,19.1,54.8,0.82,1,-1,-1
9,8,496.8,207.4,29.6,75.3,0.84,1,-1,-1
9,9,402.5,209.3,30.9,64.1,0.62,1,-1,-1
9,11,327.9,218.6,38.4,68.2,0.89,1,-1,-1
9,14,319.3,215.0,29.7,68.7,0.72,1,-1,-1
10,1,417.7,217.1,29.3,63.5,0.88,1,-1,-1
10,3,113.9,225.7,23.8,62.2,0.89,1,-1,-1
10,4,558.9,212.3,14.2,52.9,0.81,1,-1,-1
10,5,457.4,216.1,26.7,58.3,0.83,1,-1,-1
10,6,584.5,210.8,22.2,55.7,0.86,1,-1,-1
10,7,475.6,213.7,21.3,51.4,0.70,1,-1,-1
10,8,491.0,206.9,27.5,75.2,0.76,1,-1,-1
10,9,406.6,210.2,36.9,66.5,0.52,1,-1,-1
10,11,332.2,215.5,35.6,69.8,0.82,1,-1,-1
10,14,323.5,214.3,35.0,67.6,0.65,1,-1,-1
10,15,284.0,220.0,4.8,6.1,0.54,1,-1,-1
11,1,419.3,217.0,32.7,63.5,0.88,1,-1,-1
11,3,124.8,224.8,16.5,63.0,0.84,1,-1,-1
11,4,554.8,212.2,15.8,53.3,0.81,1,-1,-1
11,5,462.8,213.3,22.9,60.7,0.66,1,-1,-1
11,6,585.4,211.5,21.5,54.7,0.85,1,-1,-1
11,7,470.1,214.3,16.3,53.6,0.23,1,-1,-1
11,8,485.9,205.9,24.5,77.3,0.80,1,-1,-1
11,9,406.7,212.9,33.5,61.8,0.60,1,-1,-1
11,11,342.9,217.2,27.0,67.8,0.73,1,-1,-1
11,14,334.1,212.4,29.1,67.1,0.74,1,-1,-1
11,15,284.0,220.0,4.9,6.1,0.54,1,-1,-1
12,1,421.9,216.4,32.3,64.5,0.89,1,-1,-1
12,3,128.5,224.6,30.1,63.2,0.91,1,-1,-1
12,4,542.5,212.5,28.2,53.4,0.86,1,-1,-1
12,6,586.1,211.3,20.5,54.1,0.86,1,-1,-1
12,7,463.7,212.2,17.8,56.3,0.70,1,-1,-1
12,8,470.9,206.2,36.4,77.8,0.84,1,-1,-1
12,11,352.7,213.4,24.0,71.2,0.73,1,-1,-1
12,14,343.0,206.6,21.4,73.1,0.63,1,-1,-1
12,15,284.0,220.0,5.0,6.1,0.54,1,-1,-1
13,1,430.9,216.5,24.3,62.8,0.85,1,-1,-1
13,3,129.3,225.4,36.4,62.7,0.92,1,-1,-1
13,4,539.3,213.6,30.5,52.4,0.87,1,-1,-1
13,6,587.0,210.4,19.5,54.6,0.86,1,-1,-1
13,7,457.4,213.0,17.1,54.7,0.74,1,-1,-1
13,8,467.5,207.0,38.6,78.7,0.88,1,-1,-1
13,11,355.8,215.0,35.7,69.2,0.87,1,-1,-1
13,14,348.6,209.7,30.0,71.9,0.63,1,-1,-1
13,15,284.0,220.0,5.0,6.1,0.49,1,-1,-1
14,1,437.1,216.7,21.7,62.8,0.82,1,-1,-1
14,3,135.4,225.7,31.4,61.6,0.88,1,-1,-1
14,4,538.2,214.3,27.9,50.6,0.75,1,-1,-1
14,6,587.3,210.6,19.3,54.7,0.86,1,-1,-1
14,7,452.8,215.0,15.7,47.4,0.37,1,-1,-1
14,8,464.1,204.8,36.8,81.4,0.83,1,-1,-1
14,11,357.8,215.1,36.4,69.7,0.86,1,-1,-1
14,14,349.1,212.0,31.0,69.2,0.73,1,-1,-1
14,15,284.0,220.0,4.9,6.1,0.36,1,-1,-1
15,1,441.4,216.2,20.6,62.7,0.81,1,-1,-1
15,3,148.2,223.3,18.0,64.6,0.85,1,-1,-1
15,4,537.0,213.7,18.3,52.2,0.81,1,-1,-1
15,5,479.2,215.8,28.2,58.5,0.78,1,-1,-1
15,6,587.5,211.8,19.3,53.5,0.86,1,-1,-1
15,8,457.2,206.3,28.1,79.4,0.81,1,-1,-1
15,11,364.2,214.6,31.2,69.3,0.85,1,-1,-1
15,14,351.5,211.0,31.2,68.0,0.74,1,-1,-1
15,15,284.0,220.0,4.6,6.0,0.23,1,-1,-1
16,1,441.9,214.1,17.2,65.2,0.75,1,-1,-1
16,3,156.0,223.7,16.9,64.3,0.84,1,-1,-1
16,4,532.4,211.7,16.0,51.2,0.74,1,-1,-1
16,5,485.1,214.9,24.4,57.4,0.76,1,-1,-1
16,6,587.4,211.8,19.3,52.0,0.87,1,-1,-1
16,8,455.0,205.4,27.0,81.2,0.81,1,-1,-1
16,11,374.8,216.0,21.9,67.7,0.83,1,-1,-1
16,14,360.8,209.5,24.3,68.1,0.75,1,-1,-1
16,15,284.0,220.0,4.4,6.1,0.20,1,-1,-1
17,3,156.7,223.8,30.8,64.8,0.91,1,-1,-1
17,4,525.0,211.9,21.5,54.3,0.87,1,-1,-1
17,5,493.5,215.0,17.5,59.6,0.78,1,-1,-1
17,6,587.6,211.4,18.4,52.0,0.87,1,-1,-1
17,7,434.9,213.2,13.9,53.1,0.63,1,-1,-1
17,8,439.2,207.4,36.1,79.7,0.89,1,-1,-1
17,11,377.8,213.8,25.2,69.2,0.78,1,-1,-1
17,14,369.7,207.8,21.8,65.2,0.74,1,-1,-1
17,15,284.0,220.0,4.7,6.1,0.25,1,-1,-1
18,3,158.2,225.8,35.1,62.2,0.91,1,-1,-1
18,4,515.6,212.6,31.7,52.6,0.82,1,-1,-1
18,5,494.8,215.4,22.6,56.7,0.78,1,-1,-1
18,6,586.6,211.3,18.7,51.6,0.87,1,-1,-1
18,7,426.1,213.2,19.4,56.6,0.75,1,-1,-1
18,8,436.0,209.3,37.6,77.9,0.87,1,-1,-1
18,11,383.5,212.8,33.8,69.7,0.89,1,-1,-1
18,14,375.7,207.7,19.8,67.4,0.78,1,-1,-1
18,15,284.0,220.0,4.3,6.1,0.22,1,-1,-1
19,1,455.5,215.8,22.6,61.9,0.82,1,-1,-1
19,3,168.1,224.9,26.1,63.2,0.88,1,-1,-1
19,4,515.0,213.0,26.7,50.4,0.76,1,-1,-1
19,5,495.2,216.7,23.6,55.5,0.75,1,-1,-1
19,6,585.1,212.1,19.2,50.5,0.86,1,-1,-1
19,7,416.3,214.5,22.3,56.4,0.71,1,-1,-1
19,8,430.4,210.3,32.5,79.2,0.77,1,-1,-1
19,11,383.2,213.0,36.4,70.3,0.85,1,-1,-1
19,14,379.6,209.1,23.9,69.1,0.59,1,-1,-1
19,15,284.0,220.0,4.1,6.0,0.27,1,-1,-1
20,1,460.9,215.0,23.8,62.2,0.87,1,-1,-1
20,3,181.1,222.8,16.9,64.7,0.82,1,-1,-1
20,4,507.7,212.7,26.5,51.4,0.73,1,-1,-1
20,6,583.1,212.0,19.9,49.5,0.87,1,-1,-1
20,7,413.1,213.4,20.1,60.1,0.52,1,-1,-1
20,8,421.5,207.6,23.5,82.1,0.73,1,-1,-1
20,11,391.7,212.0,28.3,69.2,0.81,1,-1,-1
20,14,380.3,210.7,35.0,67.1,0.73,1,-1,-1
20,15,284.0,220.0,4.7,6.1,0.32,1,-1,-1
21,1,463.6,216.5,28.0,60.8,0.86,1,-1,-1
21,3,184.3,223.8,28.1,63.9,0.89,1,-1,-1
21,4,503.3,213.2,22.9,53.3,0.18,1,-1,-1
21,5,510.1,214.8,18.3,55.1,0.75,1,-1,-1
21,6,582.8,211.4,18.6,49.5,0.86,1,-1,-1
21,7,405.2,210.8,24.5,75.8,0.30,1,-1,-1
21,8,408.7,207.3,34.6,84.0,0.86,1,-1,-1
21,11,404.6,213.0,18.9,66.7,0.57,1,-1,-1
21,14,383.6,209.8,30.3,66.7,0.74,1,-1,-1
21,15,284.0,220.0,4.9,6.2,0.33,1,-1,-1
22,1,464.5,216.3,32.0,61.3,0.87,1,-1,-1
22,3,184.6,224.2,40.0,64.5,0.92,1,-1,-1
22,4,502.1,212.4,15.8,55.0,0.77,1,-1,-1
22,5,513.2,215.3,19.9,54.2,0.80,1,-1,-1
22,6,581.6,210.4,18.0,49.8,0.86,1,-1,-1
22,8,396.7,208.2,45.4,83.8,0.92,1,-1,-1
22,14,396.4,210.4,24.2,63.6,0.55,1,-1,-1
22,15,284.0,220.0,5.3,6.2,0.35,1,-1,-1
23,1,467.4,215.7,31.0,61.1,0.86,1,-1,-1
23,3,191.3,224.3,34.4,63.6,0.89,1,-1,-1
23,4,496.3,212.0,19.9,49.0,0.67,1,-1,-1
23,5,518.6,214.2,23.9,55.8,0.84,1,-1,-1
23,6,579.9,211.0,18.2,49.1,0.86,1,-1,-1
23,8,393.9,208.4,44.5,83.9,0.91,1,-1,-1
23,11,418.0,214.4,28.6,65.4,0.75,1,-1,-1
23,15,284.0,220.0,5.0,6.1,0.23,1,-1,-1
24,1,480.2,215.7,21.8,59.0,0.81,1,-1,-1
24,3,209.5,222.7,18.4,65.2,0.83,1,-1,-1
24,5,521.8,212.8,23.4,57.2,0.88,1,-1,-1
24,6,577.8,212.3,18.1,47.0,0.86,1,-1,-1
24,8,387.8,209.2,27.0,82.6,0.85,1,-1,-1
24,9,484.4,207.9,29.2,60.3,0.69,1,-1,-1
24,11,415.1,213.8,34.3,66.5,0.83,1,-1,-1
24,14,412.4,207.7,21.0,62.5,0.68,1,-1,-1
25,1,484.6,212.8,22.4,63.1,0.81,1,-1,-1
25,3,215.7,222.4,24.7,64.8,0.87,1,-1,-1
25,5,530.0,216.3,17.1,52.6,0.82,1,-1,-1
25,6,576.1,212.0,17.6,46.5,0.84,1,-1,-1
25,8,376.6,209.6,30.1,83.6,0.91,1,-1,-1
25,9,487.4,208.9,29.5,60.7,0.47,1,-1,-1
25,11,427.5,211.3,23.5,69.3,0.77,1,-1,-1
25,14,411.0,208.3,30.2,67.0,0.77,1,-1,-1
26,1,487.0,213.2,23.4,62.3,0.80,1,-1,-1
26,3,215.8,223.9,35.1,63.9,0.91,1,-1,-1
26,4,475.6,212.0,17.3,49.4,0.63,1,-1,-1
26,5,535.1,216.0,14.7,53.5,0.72,1,-1,-1
26,6,575.2,211.8,17.1,46.3,0.84,1,-1,-1
26,8,359.5,211.2,45.3,83.2,0.93,1,-1,-1
26,9,493.1,209.7,25.7,55.7,0.57,1,-1,-1
26,11,434.7,210.8,19.0,69.3,0.75,1,-1,-1
26,14,415.1,207.4,31.0,67.5,0.70,1,-1,-1
26,21,561.5,212.9,10.3,33.6,0.74,1,-1,-1
27,1,488.1,215.9,27.0,61.4,0.85,1,-1,-1
27,3,224.9,223.6,28.8,63.0,0.87,1,-1,-1
27,4,472.4,211.7,18.9,52.3,0.77,1,-1,-1
27,5,537.8,216.4,18.8,52.7,0.84,1,-1,-1
27,6,573.2,213.0,16.1,45.3,0.83,1,-1,-1
27,7,370.2,216.3,27.7,59.6,0.72,1,-1,-1
27,8,355.3,212.8,39.0,82.8,0.91,1,-1,-1
27,9,498.4,209.8,25.1,61.4,0.22,1,-1,-1
27,11,439.3,207.4,30.3,72.2,0.84,1,-1,-1
27,14,430.9,207.3,18.8,63.5,0.66,1,-1,-1
27,22,562.6,216.6,14.8,29.7,0.70,1,-1,-1
28,1,498.7,215.8,19.2,58.8,0.85,1,-1,-1
28,3,241.7,220.0,18.0,67.0,0.84,1,-1,-1
28,4,469.0,216.2,19.8,45.3,0.77,1,-1,-1
28,5,543.5,215.3,16.6,52.9,0.81,1,-1,-1
28,6,569.7,213.6,17.2,44.1,0.80,1,-1,-1
28,7,363.6,215.9,29.1,59.6,0.81,1,-1,-1
28,8,349.7,213.7,26.2,82.4,0.81,1,-1,-1
28,9,501.4,208.6,26.6,51.7,0.46,1,-1,-1
28,11,442.7,207.9,30.5,70.5,0.85,1,-1,-1
28,14,435.7,207.0,20.4,59.3,0.41,1,-1,-1
29,1,500.7,214.2,21.1,60.2,0.80,1,-1,-1
29,3,243.2,220.3,30.1,65.6,0.89,1,-1,-1
29,4,468.5,215.6,18.1,45.3,0.75,1,-1,-1
29,5,546.8,215.7,15.5,52.3,0.80,1,-1,-1
29,6,568.3,212.9,16.8,43.1,0.80,1,-1,-1
29,7,357.5,216.4,25.6,58.8,0.83,1,-1,-1
29,8,339.9,211.9,29.2,84.2,0.89,1,-1,-1
29,9,505.0,207.9,26.7,57.7,0.25,1,-1,-1
29,14,442.3,206.2,31.6,71.2,0.80,1,-1,-1
30,1,505.1,214.4,22.8,59.8,0.83,1,-1,-1
30,3,244.4,220.8,38.4,65.3,0.92,1,-1,-1
30,5,549.7,214.5,17.0,53.2,0.85,1,-1,-1
30,6,567.1,212.3,18.0,44.4,0.78,1,-1,-1
30,7,351.0,215.9,20.3,57.8,0.80,1,-1,-1
30,8,319.8,213.7,46.7,83.4,0.93,1,-1,-1
30,9,509.8,209.2,27.1,62.4,0.49,1,-1,-1
30,11,457.6,212.4,21.3,65.5,0.65,1,-1,-1
30,14,442.8,207.0,32.9,69.6,0.78,1,-1,-1
31,1,506.7,214.6,28.0,59.0,0.87,1,-1,-1
31,3,250.1,221.9,34.2,63.2,0.90,1,-1,-1
31,5,551.1,214.1,19.5,53.1,0.83,1,-1,-1
31,6,564.6,214.3,18.1,42.0,0.67,1,-1,-1
31,7,345.1,217.7,23.0,58.4,0.84,1,-1,-1
31,8,315.6,215.3,46.6,82.8,0.93,1,-1,-1
31,9,514.6,209.0,29.5,60.2,0.42,1,-1,-1
31,11,463.4,210.4,31.1,68.4,0.80,1,-1,-1
31,14,447.4,208.6,25.3,62.6,0.73,1,-1,-1
32,1,508.1,215.8,27.8,57.4,0.87,1,-1,-1
32,3,261.8,222.0,23.7,63.0,0.86,1,-1,-1
32,4,449.6,212.2,17.4,55.7,0.62,1,-1,-1
32,5,552.1,218.6,19.0,48.6,0.81,1,-1,-1
32,6,564.2,215.1,15.6,39.9,0.72,1,-1,-1
32,7,338.4,219.2,29.5,56.9,0.87,1,-1,-1
32,8,314.8,214.7,34.4,83.3,0.91,1,-1,-1
32,9,516.2,209.4,26.2,61.2,0.16,1,-1,-1
32,11,463.3,212.0,31.5,65.3,0.80,1,-1,-1
32,14,457.4,206.7,18.0,64.9,0.55,1,-1,-1
32,26,576.5,214.6,14.1,31.4,0.81,1,-1,-1
33,1,512.4,216.1,24.2,56.9,0.87,1,-1,-1
33,3,272.2,218.0,18.5,66.6,0.84,1,-1,-1
33,4,440.7,212.6,24.1,52.9,0.83,1,-1,-1
33,5,555.2,216.3,18.1,49.5,0.81,1,-1,-1
33,6,565.1,214.1,14.0,41.3,0.58,1,-1,-1
33,7,331.4,219.0,30.5,59.3,0.88,1,-1,-1
33,8,307.8,214.7,25.0,83.5,0.86,1,-1,-1
33,11,467.1,208.3,31.4,67.9,0.72,1,-1,-1
33,14,462.3,205.1,18.4,64.2,0.69,1,-1,-1
33,26,579.5,214.4,12.4,31.1,0.84,1,-1,-1
34,1,520.1,215.1,19.6,57.8,0.85,1,-1,-1
34,3,274.9,218.2,27.8,66.2,0.82,1,-1,-1
34,4,432.7,213.9,29.5,50.8,0.81,1,-1,-1
34,5,559.9,214.0,14.5,51.5,0.77,1,-1,-1
34,7,325.6,218.2,21.4,61.0,0.86,1,-1,-1
34,8,293.1,215.3,36.2,83.9,0.90,1,-1,-1
34,11,478.8,211.6,23.8,64.0,0.62,1,-1,-1
34,14,466.9,204.8,21.5,67.9,0.77,1,-1,-1
34,26,584.0,214.5,10.2,31.7,0.79,1,-1,-1
35,1,521.9,214.9,19.4,57.9,0.85,1,-1,-1
35,3,275.9,219.5,29.2,63.8,0.74,1,-1,-1
35,4,429.3,212.8,29.4,54.1,0.85,1,-1,-1
35,5,559.0,215.5,17.7,50.2,0.79,1,-1,-1
35,7,321.3,218.4,19.2,60.2,0.86,1,-1,-1
35,8,279.3,217.1,50.2,82.6,0.93,1,-1,-1
35,11,481.9,210.6,23.4,64.8,0.62,1,-1,-1
35,14,466.4,206.0,24.7,65.2,0.76,1,-1,-1
35,26,585.8,214.3,10.3,30.6,0.82,1,-1,-1
36,1,523.9,215.4,20.6,56.6,0.84,1,-1,-1
36,4,429.0,212.6,26.2,55.1,0.84,1,-1,-1
36,5,560.9,217.5,17.1,48.1,0.82,1,-1,-1
36,7,313.9,219.3,25.3,59.2,0.88,1,-1,-1
36,8,276.2,219.2,46.9,81.4,0.94,1,-1,-1
36,11,483.5,209.8,22.8,66.2,0.73,1,-1,-1
36,14,467.8,206.2,27.0,64.2,0.75,1,-1,-1
36,26,587.1,214.2,15.1,30.7,0.85,1,-1,-1
37,1,527.9,215.7,21.5,56.9,0.86,1,-1,-1
37,3,300.2,216.3,17.2,65.1,0.53,1,-1,-1
37,4,424.0,212.5,13.4,53.3,0.73,1,-1,-1
37,5,564.2,219.1,16.0,44.9,0.82,1,-1,-1
37,7,302.2,218.2,32.7,64.1,0.86,1,-1,-1
37,8,270.8,218.8,26.6,83.0,0.86,1,-1,-1
37,11,491.4,210.2,24.4,66.5,0.79,1,-1,-1
37,14,477.4,205.9,21.8,64.2,0.67,1,-1,-1
37,26,589.4,215.1,16.4,31.0,0.84,1,-1,-1
38,1,530.7,217.1,20.5,55.1,0.84,1,-1,-1
38,3,301.4,216.5,34.8,66.5,0.87,1,-1,-1
38,4,417.6,211.7,18.6,56.6,0.83,1,-1,-1
38,5,565.3,218.4,15.9,45.4,0.82,1,-1,-1
38,6,554.5,212.3,14.8,38.9,0.75,1,-1,-1
38,7,298.2,219.9,21.4,61.4,0.22,1,-1,-1
38,8,262.4,218.9,26.5,82.6,0.88,1,-1,-1
38,11,495.9,211.6,21.6,62.7,0.80,1,-1,-1
38,14,485.0,205.5,17.2,62.8,0.74,1,-1,-1
38,26,593.8,214.6,12.8,31.1,0.82,1,-1,-1
39,1,533.9,214.6,20.9,56.8,0.82,1,-1,-1
39,3,306.1,216.2,39.5,66.4,0.90,1,-1,-1
39,4,409.7,213.4,27.0,54.4,0.79,1,-1,-1
39,5,565.6,216.3,16.6,46.9,0.82,1,-1,-1
39,6,552.9,211.9,15.0,40.0,0.74,1,-1,-1
39,7,291.9,220.2,17.9,60.3,0.82,1,-1,-1
39,8,244.1,219.0,43.9,82.3,0.93,1,-1,-1
39,11,499.2,211.5,21.4,60.9,0.80,1,-1,-1
39,14,485.6,204.6,20.9,62.6,0.70,1,-1,-1
39,26,598.7,213.4,9.6,32.1,0.79,1,-1,-1
40,1,536.3,215.3,20.7,56.1,0.84,1,-1,-1
40,3,311.8,216.2,34.8,65.3,0.90,1,-1,-1
40,4,402.9,214.9,32.1,55.4,0.89,1,-1,-1
40,5,566.7,216.4,17.0,47.1,0.83,1,-1,-1
40,6,552.3,212.8,14.2,35.9,0.55,1,-1,-1
40,7,282.7,221.5,26.9,59.5,0.89,1,-1,-1
40,8,238.7,220.2,45.7,81.7,0.94,1,-1,-1
40,11,503.3,211.5,21.5,62.2,0.84,1,-1,-1
40,14,492.6,206.2,18.5,60.6,0.67,1,-1,-1
40,26,599.8,213.4,9.9,31.7,0.80,1,-1,-1
41,1,538.5,216.2,25.9,55.1,0.84,1,-1,-1
41,3,327.0,215.4,22.5,66.1,0.86,1,-1,-1
41,4,400.5,214.9,26.2,55.2,0.84,1,-1,-1
41,5,567.2,216.9,16.2,46.2,0.84,1,-1,-1
41,7,272.3,224.8,34.4,57.4,0.89,1,-1,-1
41,8,236.0,219.9,31.4,82.8,0.90,1,-1,-1
41,11,506.7,212.2,26.4,61.2,0.84,1,-1,-1
41,14,493.3,206.1,26.4,64.9,0.73,1,-1,-1
41,26,601.4,218.2,7.9,27.1,0.78,1,-1,-1
42,1,541.5,217.0,25.6,54.3,0.87,1,-1,-1
42,3,336.0,214.1,21.7,66.8,0.86,1,-1,-1
42,4,398.2,213.7,14.2,56.4,0.80,1,-1,-1
42,5,568.0,215.2,16.3,48.1,0.83,1,-1,-1
42,7,271.3,223.8,25.2,59.3,0.87,1,-1,-1
42,8,225.8,219.3,24.2,82.9,0.86,1,-1,-1
42,11,510.4,211.0,23.4,61.7,0.84,1,-1,-1
42,14,498.2,207.3,19.8,59.9,0.78,1,-1,-1
42,26,604.0,217.6,9.6,25.5,0.14,1,-1,-1
43,1,544.6,215.9,23.1,54.3,0.85,1,-1,-1
43,3,336.7,214.7,37.2,65.4,0.92,1,-1,-1
43,4,393.3,213.2,15.9,57.0,0.80,1,-1,-1
43,5,567.8,214.7,16.9,48.8,0.84,1,-1,-1
43,7,263.2,222.7,19.0,60.7,0.85,1,-1,-1
43,8,209.0,220.3,40.4,82.0,0.93,1,-1,-1
43,11,515.3,211.7,21.1,60.1,0.82,1,-1,-1
43,14,505.6,206.1,16.2,57.0,0.69,1,-1,-1
43,26,613.1,213.8,6.2,29.1,0.76,1,-1,-1
44,1,549.3,215.1,20.0,54.7,0.84,1,-1,-1
44,3,339.8,214.3,37.0,65.8,0.93,1,-1,-1
44,4,380.7,214.8,28.4,55.4,0.87,1,-1,-1
44,5,568.4,214.8,16.1,47.3,0.84,1,-1,-1
44,7,251.4,224.6,28.9,58.8,0.89,1,-1,-1
44,8,198.6,223.2,48.9,79.5,0.94,1,-1,-1
44,11,518.8,211.9,20.5,60.2,0.79,1,-1,-1
44,14,508.9,205.1,17.7,65.1,0.72,1,-1,-1
44,26,613.4,213.6,12.2,30.7,0.82,1,-1,-1
45,1,553.7,216.5,18.7,52.7,0.79,1,-1,-1
45,3,354.9,213.0,23.4,65.6,0.85,1,-1,-1
45,4,376.2,215.7,31.6,54.5,0.86,1,-1,-1
45,5,568.6,214.9,15.5,47.2,0.82,1,-1,-1
45,7,241.8,225.9,37.5,58.9,0.93,1,-1,-1
45,8,196.8,222.6,36.5,80.6,0.91,1,-1,-1
45,11,521.1,212.2,21.4,59.4,0.77,1,-1,-1
45,14,512.4,206.6,20.0,64.3,0.75,1,-1,-1
45,26,613.7,214.4,14.1,30.6,0.85,1,-1,-1
46,1,554.0,216.2,19.5,53.0,0.78,1,-1,-1
46,3,363.0,212.2,19.7,65.4,0.79,1,-1,-1
46,4,376.4,216.0,26.0,50.3,0.63,1,-1,-1
46,5,568.5,214.7,15.2,47.0,0.80,1,-1,-1
46,7,240.0,226.1,32.5,59.1,0.90,1,-1,-1
46,8,189.9,221.6,26.4,82.1,0.87,1,-1,-1
46,11,526.1,211.7,19.6,59.0,0.72,1,-1,-1
46,14,514.3,207.6,21.7,61.9,0.81,1,-1,-1
46,26,615.3,214.2,13.4,31.1,0.86,1,-1,-1
47,1,555.6,215.4,19.0,53.6,0.81,1,-1,-1
47,3,367.0,214.7,24.7,62.1,0.90,1,-1,-1
47,4,374.8,216.3,18.7,57.9,0.30,1,-1,-1
47,5,569.1,214.8,14.4,45.8,0.80,1,-1,-1
47,7,235.8,225.4,24.4,59.7,0.86,1,-1,-1
47,8,181.6,222.5,28.3,80.7,0.90,1,-1,-1
47,11,529.3,209.8,19.7,60.2,0.81,1,-1,-1
47,14,515.7,207.4,20.0,59.8,0.81,1,-1,-1
47,26,619.9,213.1,11.3,32.3,0.85,1,-1,-1
48,1,558.2,215.3,17.1,52.9,0.79,1,-1,-1
48,3,367.2,213.5,31.4,63.9,0.89,1,-1,-1
48,5,568.4,214.8,14.7,45.4,0.80,1,-1,-1
48,7,230.7,226.7,20.2,58.7,0.84,1,-1,-1
48,8,165.6,224.2,43.4,78.0,0.93,1,-1,-1
48,11,531.4,210.5,19.5,59.1,0.78,1,-1,-1
48,14,519.3,206.7,21.4,61.5,0.80,1,-1,-1
48,26,621.7,213.4,11.6,31.9,0.83,1,-1,-1
49,1,560.0,214.5,18.7,50.0,0.77,1,-1,-1
49,3,376.6,214.7,23.0,60.2,0.84,1,-1,-1
49,4,357.7,214.1,22.4,58.4,0.85,1,-1,-1
49,5,564.5,213.8,18.4,46.3,0.76,1,-1,-1
49,7,218.5,227.9,31.3,58.1,0.92,1,-1,-1
49,8,162.7,223.3,40.4,79.1,0.93,1,-1,-1
49,11,536.6,211.5,21.7,58.0,0.85,1,-1,-1
49,14,524.1,207.2,15.8,59.5,0.76,1,-1,-1
49,26,623.2,214.1,12.5,31.5,0.87,1,-1,-1
50,1,560.4,214.3,18.6,53.5,0.82,1,-1,-1
50,3,386.9,213.6,18.0,60.5,0.82,1,-1,-1
50,4,344.7,216.7,35.1,56.6,0.91,1,-1,-1
50,5,567.0,213.7,15.4,48.5,0.66,1,-1,-1
50,7,211.8,228.1,35.9,59.7,0.93,1,-1,-1
50,8,158.3,222.4,29.5,79.4,0.91,1,-1,-1
50,11,538.0,212.7,21.9,56.5,0.84,1,-1,-1
50,14,524.7,207.6,17.0,59.6,0.80,1,-1,-1
50,26,625.0,214.4,11.9,31.3,0.85,1,-1,-1
51,1,561.2,215.1,20.5,52.8,0.84,1,-1,-1
51,3,391.1,213.2,21.4,61.4,0.85,1,-1,-1
51,4,341.8,217.6,36.2,57.6,0.91,1,-1,-1
51,7,209.1,228.4,25.9,59.7,0.87,1,-1,-1
51,8,151.1,222.1,24.1,80.4,0.89,1,-1,-1
51,11,541.7,212.6,19.8,54.2,0.76,1,-1,-1
51,14,527.4,209.2,17.4,57.8,0.81,1,-1,-1
51,26,628.2,213.3,11.6,32.4,0.82,1,-1,-1
51,34,294.3,221.6,5.7,6.5,0.56,1,-1,-1
52,1,562.1,214.8,20.0,52.8,0.85,1,-1,-1
52,3,392.1,212.0,32.7,62.6,0.91,1,-1,-1
52,4,341.1,217.7,28.8,57.1,0.89,1,-1,-1
52,7,201.3,227.1,20.1,61.2,0.85,1,-1,-1
52,8,133.9,223.8,39.1,77.7,0.92,1,-1,-1
52,11,544.0,212.4,18.8,55.9,0.81,1,-1,-1
52,14,529.7,209.1,16.6,56.3,0.82,1,-1,-1
52,26,630.6,213.2,9.1,32.7,0.75,1,-1,-1
52,34,294.7,221.7,5.3,6.3,0.68,1,-1,-1
53,1,564.8,213.9,19.8,52.3,0.84,1,-1,-1
53,3,398.9,212.3,28.2,60.3,0.86,1,-1,-1
53,4,337.7,216.8,17.6,57.8,0.87,1,-1,-1
53,7,187.1,227.2,33.7,60.8,0.93,1,-1,-1
53,8,128.1,224.1,42.3,77.3,0.93,1,-1,-1
53,11,545.0,213.6,18.3,54.4,0.80,1,-1,-1
53,14,532.6,209.8,15.8,52.8,0.71,1,-1,-1
53,26,632.4,213.0,7.3,33.1,0.74,1,-1,-1
53,34,295.1,221.9,4.9,6.3,0.73,1,-1,-1
54,1,567.9,213.2,19.1,53.7,0.84,1,-1,-1
54,3,411.2,210.3,19.0,62.7,0.78,1,-1,-1
54,4,325.7,216.9,25.0,58.4,0.90,1,-1,-1
54,6,521.8,213.0,14.5,33.1,0.79,1,-1,-1
54,7,181.3,229.3,36.3,59.3,0.92,1,-1,-1
54,8,124.8,223.8,30.1,77.2,0.91,1,-1,-1
54,11,544.0,214.0,19.6,53.9,0.80,1,-1,-1
54,14,534.0,206.6,16.6,58.5,0.74,1,-1,-1
54,26,634.7,215.6,5.1,31.4,0.66,1,-1,-1
54,34,295.5,222.2,4.5,6.0,0.74,1,-1,-1
55,1,567.1,213.1,20.3,54.8,0.85,1,-1,-1
55,3,417.0,210.5,18.8,61.8,0.81,1,-1,-1
55,4,314.2,218.4,36.4,57.8,0.92,1,-1,-1
55,6,521.0,212.1,15.7,35.4,0.82,1,-1,-1
55,7,179.2,228.4,29.0,60.6,0.88,1,-1,-1
55,8,117.8,222.3,23.4,79.1,0.88,1,-1,-1
55,11,542.8,212.7,20.5,54.6,0.80,1,-1,-1
55,14,536.0,207.5,19.4,57.5,0.75,1,-1,-1
55,34,295.7,222.1,4.4,6.1,0.76,1,-1,-1
56,1,568.2,213.7,19.7,52.7,0.84,1,-1,-1
56,3,418.8,211.5,25.3,60.8,0.88,1,-1,-1
56,4,310.8,219.1,38.6,58.3,0.91,1,-1,-1
56,6,518.9,212.2,14.9,34.0,0.81,1,-1,-1
56,7,172.7,227.6,22.1,61.0,0.87,1,-1,-1
56,8,106.5,224.2,31.9,76.9,0.91,1,-1,-1
56,11,543.5,212.3,20.5,54.5,0.82,1,-1,-1
56,14,537.6,208.6,16.6,54.9,0.71,1,-1,-1
56,34,296.0,222.0,4.1,6.3,0.78,1,-1,-1
57,1,569.0,214.4,19.0,50.8,0.85,1,-1,-1
57,3,421.6,212.0,28.6,58.8,0.86,1,-1,-1
57,4,310.1,218.9,34.4,58.5,0.91,1,-1,-1
57,6,518.1,212.5,15.2,34.2,0.83,1,-1,-1
57,7,167.5,228.2,23.4,60.8,0.88,1,-1,-1
57,8,100.5,225.6,37.3,75.0,0.93,1,-1,-1
57,11,541.8,211.2,22.7,55.3,0.81,1,-1,-1
57,14,539.7,209.3,17.2,52.7,0.70,1,-1,-1
57,34,296.4,221.8,4.0,7.2,0.81,1,-1,-1
58,1,569.8,214.3,19.0,48.9,0.87,1,-1,-1
58,3,429.2,212.4,21.1,57.9,0.80,1,-1,-1
58,4,309.0,219.0,22.9,58.5,0.88,1,-1,-1
58,6,514.7,213.4,17.0,33.9,0.85,1,-1,-1
58,7,154.4,228.3,36.2,60.9,0.93,1,-1,-1
58,8,97.9,224.8,32.4,74.9,0.92,1,-1,-1
58,11,543.6,211.9,21.3,53.9,0.84,1,-1,-1
58,14,541.0,208.2,15.9,43.8,0.17,1,-1,-1
58,34,296.7,221.5,4.1,8.1,0.83,1,-1,-1
59,1,569.5,213.4,19.9,49.1,0.86,1,-1,-1
59,3,434.3,210.0,17.6,58.2,0.79,1,-1,-1
59,4,303.8,217.7,17.3,59.8,0.85,1,-1,-1
59,5,564.1,214.0,9.1,38.9,0.55,1,-1,-1
59,6,513.6,213.0,16.6,34.2,0.86,1,-1,-1
59,7,152.4,229.8,34.1,59.5,0.91,1,-1,-1
59,8,92.8,224.1,24.7,74.7,0.88,1,-1,-1
59,11,545.6,212.7,21.2,52.3,0.83,1,-1,-1
59,14,542.3,207.7,17.4,36.2,0.19,1,-1,-1
59,34,296.8,221.3,4.2,8.5,0.79,1,-1,-1
60,1,570.6,213.2,19.9,49.8,0.86,1,-1,-1
60,3,435.9,209.9,22.6,59.5,0.81,1,-1,-1
60,4,292.3,219.2,27.3,58.5,0.92,1,-1,-1
60,5,564.2,215.7,9.2,37.3,0.93,1,-1,-1
60,6,511.7,212.0,16.5,35.2,0.84,1,-1,-1
60,7,151.1,228.8,24.6,60.3,0.88,1,-1,-1
60,8,86.8,222.6,22.9,76.0,0.87,1,-1,-1
60,11,546.2,212.7,22.9,51.8,0.80,1,-1,-1
60,14,543.5,208.2,17.3,45.9,0.17,1,-1,-1
60,34,297.0,221.4,4.5,8.6,0.62,1,-1,-1
61,1,570.6,214.2,23.5,48.3,0.86,1,-1,-1
61,3,442.3,211.7,26.2,56.4,0.86,1,-1,-1
61,4,281.6,220.7,37.8,58.5,0.93,1,-1,-1
61,5,565.0,215.4,8.5,39.3,0.68,1,-1,-1
61,6,510.6,212.1,15.8,33.6,0.85,1,-1,-1
61,7,142.3,228.2,21.1,60.7,0.88,1,-1,-1
61,8,69.6,225.2,37.8,73.0,0.92,1,-1,-1
61,11,548.5,212.8,21.9,52.1,0.79,1,-1,-1
61,36,541.9,212.7,12.8,41.1,0.67,1,-1,-1
62,1,571.1,215.7,23.8,47.2,0.87,1,-1,-1
62,3,447.3,212.6,21.9,55.0,0.86,1,-1,-1
62,4,279.9,220.7,34.8,58.6,0.88,1,-1,-1
62,5,567.0,216.4,7.2,33.0,0.33,1,-1,-1
62,6,508.1,213.0,17.2,33.6,0.85,1,-1,-1
62,7,130.3,228.8,32.1,60.7,0.92,1,-1,-1
62,8,67.7,225.7,37.8,72.5,0.93,1,-1,-1
62,11,550.8,213.1,20.8,49.5,0.77,1,-1,-1
62,34,298.0,220.8,4.8,10.1,0.67,1,-1,-1
62,36,539.6,212.1,15.8,44.2,0.78,1,-1,-1
63,1,573.1,215.2,23.1,47.5,0.86,1,-1,-1
63,3,454.4,211.9,17.4,55.9,0.82,1,-1,-1
63,4,277.8,221.0,25.2,58.9,0.83,1,-1,-1
63,6,505.7,212.6,17.2,33.7,0.86,1,-1,-1
63,7,125.8,229.5,34.1,60.8,0.91,1,-1,-1
63,8,64.5,224.6,29.7,72.4,0.89,1,-1,-1
63,11,552.8,213.2,19.9,51.2,0.78,1,-1,-1
63,34,298.8,220.8,4.4,9.1,0.77,1,-1,-1
63,36,538.0,211.8,15.7,40.5,0.74,1,-1,-1
64,1,573.9,214.6,23.5,48.0,0.87,1,-1,-1
64,3,458.6,210.8,17.4,57.6,0.83,1,-1,-1
64,4,274.6,222.0,17.7,57.6,0.84,1,-1,-1
64,6,504.0,211.8,15.8,35.0,0.84,1,-1,-1
64,7,124.3,228.6,29.5,60.2,0.90,1,-1,-1
64,8,60.4,223.8,22.5,73.6,0.87,1,-1,-1
64,11,552.4,213.2,20.4,49.5,0.79,1,-1,-1
64,34,299.3,221.0,4.4,9.0,0.80,1,-1,-1
64,36,535.8,211.6,16.7,41.7,0.77,1,-1,-1
65,1,574.0,214.3,22.1,48.8,0.88,1,-1,-1
65,3,462.5,211.9,20.4,55.4,0.86,1,-1,-1
65,4,264.1,220.8,25.0,59.6,0.89,1,-1,-1
65,6,502.6,211.8,14.8,33.7,0.84,1,-1,-1
65,7,119.0,228.2,20.7,60.6,0.87,1,-1,-1
65,8,52.8,224.1,25.0,73.1,0.90,1,-1,-1
65,11,552.9,211.9,18.9,50.6,0.83,1,-1,-1
65,34,299.6,221.2,4.4,8.8,0.80,1,-1,-1
65,36,534.5,211.6,18.1,43.9,0.82,1,-1,-1
66,1,574.1,214.1,20.0,48.6,0.86,1,-1,-1
66,3,464.1,211.7,21.8,55.9,0.88,1,-1,-1
66,4,252.6,224.1,36.4,56.7,0.91,1,-1,-1
66,6,501.2,211.9,15.4,33.9,0.87,1,-1,-1
66,7,113.9,228.4,20.3,60.2,0.90,1,-1,-1
66,8,43.6,226.7,33.1,70.6,0.91,1,-1,-1
66,11,553.5,212.5,19.1,49.9,0.82,1,-1,-1
66,34,299.8,221.3,4.4,8.7,0.81,1,-1,-1
66,36,532.6,211.7,19.5,44.2,0.83,1,-1,-1
67,1,574.8,215.5,18.8,47.1,0.84,1,-1,-1
67,3,467.5,211.8,20.6,54.9,0.87,1,-1,-1
67,4,249.1,224.3,40.1,56.7,0.92,1,-1,-1
67,6,500.4,212.6,14.9,32.7,0.87,1,-1,-1
67,7,102.4,229.6,31.5,59.5,0.90,1,-1,-1
67,8,41.9,228.2,32.7,69.6,0.91,1,-1,-1
67,11,554.0,213.0,20.5,48.5,0.80,1,-1,-1
67,34,299.8,221.2,4.7,8.8,0.80,1,-1,-1
67,36,531.0,211.9,20.6,44.0,0.84,1,-1,-1
68,1,575.5,215.6,18.2,46.7,0.84,1,-1,-1
68,3,474.3,210.0,18.4,55.6,0.84,1,-1,-1
68,4,248.1,223.9,33.8,57.8,0.87,1,-1,-1
68,6,499.0,212.4,15.1,33.1,0.84,1,-1,-1
68,7,98.5,229.7,33.0,59.7,0.92,1,-1,-1
68,8,37.3,226.4,26.1,70.5,0.89,1,-1,-1
68,11,554.2,212.3,20.1,50.7,0.82,1,-1,-1
68,34,299.9,221.1,5.2,9.4,0.78,1,-1,-1
68,36,529.3,211.9,18.9,42.8,0.85,1,-1,-1
69,1,576.2,216.1,17.9,45.3,0.84,1,-1,-1
69,3,479.0,209.0,19.0,57.8,0.80,1,-1,-1
69,4,247.5,222.9,23.6,59.1,0.86,1,-1,-1
69,6,498.0,211.9,14.7,33.3,0.82,1,-1,-1
69,7,97.5,229.3,26.6,59.7,0.90,1,-1,-1
69,8,31.3,225.4,20.9,72.1,0.85,1,-1,-1
69,11,556.0,212.7,19.6,49.7,0.76,1,-1,-1
69,34,299.9,221.0,5.6,10.2,0.76,1,-1,-1
69,36,528.2,211.4,18.2,42.9,0.85,1,-1,-1
70,1,576.1,215.5,19.5,44.9,0.86,1,-1,-1
70,3,479.7,209.7,27.3,56.2,0.87,1,-1,-1
70,4,241.2,222.1,17.6,58.4,0.83,1,-1,-1
70,6,497.3,211.9,13.4,31.6,0.76,1,-1,-1
70,7,91.9,228.9,19.6,60.1,0.87,1,-1,-1
70,8,28.1,226.4,22.4,71.3,0.84,1,-1,-1
70,11,557.1,212.8,19.3,49.5,0.75,1,-1,-1
70,34,300.0,221.0,6.0,10.0,0.70,1,-1,-1
70,36,526.8,211.3,17.4,43.1,0.85,1,-1,-1
71,1,576.7,215.0,20.6,45.1,0.88,1,-1,-1
71,3,481.6,213.0,26.3,50.6,0.86,1,-1,-1
71,4,228.8,223.2,28.9,60.1,0.90,1,-1,-1
71,6,498.1,212.8,11.7,31.1,0.52,1,-1,-1
71,7,87.2,229.1,20.2,59.6,0.87,1,-1,-1
71,8,15.9,235.8,33.7,61.5,0.89,1,-1,-1
71,11,556.8,213.2,19.8,48.9,0.77,1,-1,-1
71,34,301.4,220.9,6.6,10.6,0.46,1,-1,-1
71,36,524.9,211.4,18.2,43.5,0.86,1,-1,-1
71,40,551.6,212.9,11.9,36.8,0.73,1,-1,-1
72,1,577.0,215.5,21.0,44.3,0.88,1,-1,-1
72,3,490.2,212.2,20.2,52.3,0.86,1,-1,-1
72,4,218.5,227.0,38.3,57.6,0.90,1,-1,-1
72,5,550.5,214.6,11.2,34.4,0.75,1,-1,-1
72,7,76.2,230.3,30.2,58.9,0.93,1,-1,-1
72,8,14.9,228.0,28.4,69.3,0.88,1,-1,-1
72,11,558.9,213.4,18.0,48.3,0.79,1,-1,-1
72,34,302.0,220.9,6.0,10.6,0.67,1,-1,-1
72,36,523.2,212.4,17.3,42.4,0.88,1,-1,-1
72,42,295.1,221.6,4.9,7.2,0.75,1,-1,-1
73,1,577.8,217.1,21.1,42.6,0.88,1,-1,-1
73,3,497.4,211.0,18.5,53.2,0.81,1,-1,-1
73,4,216.5,226.4,38.8,57.7,0.90,1,-1,-1
73,5,549.5,214.7,11.7,34.5,0.78,1,-1,-1
73,7,73.9,230.7,29.3,58.5,0.90,1,-1,-1
73,8,9.8,226.5,16.5,71.1,0.83,1,-1,-1
73,11,560.0,214.4,16.9,45.8,0.80,1,-1,-1
73,34,302.2,220.9,5.8,11.0,0.73,1,-1,-1
73,36,521.8,211.9,17.7,42.4,0.82,1,-1,-1
73,42,295.4,221.6,4.6,7.0,0.75,1,-1,-1
74,1,579.6,215.4,21.0,43.8,0.87,1,-1,-1
74,3,502.1,212.3,20.9,51.2,0.86,1,-1,-1
74,4,215.7,225.8,25.8,59.1,0.85,1,-1,-1
74,5,548.8,214.3,11.5,34.0,0.80,1,-1,-1
74,6,488.7,212.3,14.1,31.2,0.82,1,-1,-1
74,7,69.7,229.4,21.2,58.9,0.89,1,-1,-1
74,8,3.0,227.8,22.9,70.3,0.85,1,-1,-1
74,11,560.5,213.9,16.4,45.5,0.81,1,-1,-1
74,34,302.4,220.9,5.6,11.0,0.76,1,-1,-1
74,36,519.2,211.1,18.0,40.3,0.79,1,-1,-1
74,42,295.6,221.9,4.5,6.4,0.77,1,-1,-1
75,1,580.6,214.3,19.9,45.1,0.87,1,-1,-1
75,3,504.6,212.6,21.9,50.9,0.85,1,-1,-1
75,4,208.7,225.4,18.2,59.2,0.84,1,-1,-1
75,5,548.2,214.1,12.6,34.9,0.83,1,-1,-1
75,6,486.7,212.8,15.1,31.6,0.81,1,-1,-1
75,7,63.8,229.2,19.4,59.2,0.88,1,-1,-1
75,8,0.1,228.7,24.9,68.0,0.90,1,-1,-1
75,11,561.0,213.2,17.1,46.2,0.82,1,-1,-1
75,34,302.7,221.1,5.3,10.4,0.78,1,-1,-1
75,36,518.8,211.2,15.5,41.8,0.75,1,-1,-1
75,42,295.8,222.1,4.3,6.2,0.80,1,-1,-1
76,1,581.2,213.9,18.3,45.5,0.86,1,-1,-1
76,3,510.9,212.0,18.7,50.7,0.84,1,-1,-1
76,4,196.8,226.2,29.3,58.7,0.92,1,-1,-1
76,5,547.6,214.1,12.5,34.6,0.82,1,-1,-1
76,6,485.4,214.0,14.8,30.5,0.84,1,-1,-1
76,7,52.5,230.6,29.3,57.8,0.92,1,-1,-1
76,8,0.1,228.7,21.1,67.9,0.86,1,-1,-1
76,11,561.2,212.4,17.4,46.7,0.83,1,-1,-1
76,34,302.8,221.1,5.2,10.2,0.80,1,-1,-1
76,36,519.7,211.6,13.8,41.6,0.62,1,-1,-1
76,42,295.9,222.0,4.2,6.3,0.80,1,-1,-1
77,1,581.5,214.1,17.5,44.9,0.85,1,-1,-1
77,3,515.6,211.6,18.8,45.7,0.80,1,-1,-1
77,4,185.9,226.6,39.4,58.6,0.91,1,-1,-1
77,5,546.4,214.8,12.5,33.0,0.81,1,-1,-1
77,6,483.8,213.6,14.0,31.7,0.85,1,-1,-1
77,7,49.5,231.5,30.0,57.5,0.91,1,-1,-1
77,8,0.0,231.3,10.8,64.1,0.86,1,-1,-1
77,11,562.9,212.8,16.9,45.4,0.82,1,-1,-1
77,14,557.1,208.8,12.9,43.5,0.59,1,-1,-1
77,34,302.9,221.2,5.1,10.6,0.80,1,-1,-1
77,42,296.1,222.0,4.2,6.7,0.83,1,-1,-1
78,1,581.6,214.9,17.4,43.9,0.85,1,-1,-1
78,3,517.0,211.1,21.5,51.6,0.85,1,-1,-1
78,4,184.0,226.2,39.5,59.5,0.92,1,-1,-1
78,5,545.5,214.9,13.2,32.3,0.81,1,-1,-1
78,6,482.6,213.2,13.9,30.4,0.86,1,-1,-1
78,7,48.7,230.7,24.1,57.4,0.89,1,-1,-1
78,11,563.2,211.9,16.9,46.1,0.83,1,-1,-1
78,14,558.6,209.5,11.1,40.3,0.56,1,-1,-1
78,34,303.0,221.1,5.1,11.1,0.81,1,-1,-1
78,36,511.6,211.9,13.6,33.1,0.63,1,-1,-1
78,42,296.4,221.9,4.5,7.7,0.83,1,-1,-1
79,1,581.9,215.3,18.0,43.0,0.86,1,-1,-1
79,3,519.1,211.0,26.4,50.9,0.85,1,-1,-1
79,4,183.7,227.4,28.4,58.0,0.87,1,-1,-1
79,5,544.4,214.6,13.2,33.3,0.82,1,-1,-1
79,6,480.7,213.8,14.4,30.1,0.85,1,-1,-1
79,7,43.5,229.5,19.1,58.6,0.87,1,-1,-1
79,11,565.6,212.6,15.0,44.9,0.81,1,-1,-1
79,14,559.8,208.6,11.6,41.2,0.67,1,-1,-1
79,34,303.1,221.0,5.0,11.1,0.81,1,-1,-1
79,36,510.6,211.2,17.0,38.9,0.83,1,-1,-1
79,42,296.8,222.0,4.6,8.0,0.84,1,-1,-1
80,1,582.1,214.8,20.0,42.7,0.87,1,-1,-1
80,3,523.2,212.1,24.2,50.0,0.86,1,-1,-1
80,4,177.7,226.8,22.2,58.7,0.86,1,-1,-1
80,5,543.3,214.2,13.5,33.5,0.78,1,-1,-1
80,6,478.5,213.9,15.6,30.0,0.86,1,-1,-1
80,7,40.1,230.1,18.7,58.2,0.86,1,-1,-1
80,11,566.0,212.6,14.9,45.1,0.80,1,-1,-1
80,14,560.4,208.5,11.7,41.4,0.68,1,-1,-1
80,34,303.3,221.0,4.9,11.1,0.82,1,-1,-1
80,36,509.9,211.3,17.3,40.3,0.83,1,-1,-1
80,42,297.0,221.9,4.6,8.3,0.84,1,-1,-1
81,1,582.0,214.3,21.0,42.4,0.88,1,-1,-1
81,3,532.0,211.8,18.6,49.2,0.81,1,-1,-1
81,4,169.8,226.2,24.5,59.3,0.88,1,-1,-1
81,5,543.8,214.7,12.1,32.0,0.73,1,-1,-1
81,6,476.5,214.1,15.0,29.4,0.87,1,-1,-1
81,7,31.9,231.5,25.0,56.7,0.88,1,-1,-1
81,11,566.6,212.8,15.2,44.6,0.81,1,-1,-1
81,14,560.7,208.6,11.5,43.4,0.76,1,-1,-1
81,34,303.5,220.9,5.1,11.2,0.82,1,-1,-1
81,36,508.4,212.0,17.1,40.3,0.87,1,-1,-1
81,42,297.3,221.7,4.6,8.9,0.83,1,-1,-1
82,1,582.1,214.5,20.9,42.1,0.88,1,-1,-1
82,3,537.8,210.6,16.4,50.9,0.82,1,-1,-1
82,4,155.8,227.2,37.2,58.3,0.91,1,-1,-1
82,6,474.5,214.1,13.3,28.7,0.87,1,-1,-1
82,7,30.1,231.5,22.9,56.9,0.87,1,-1,-1
82,11,567.2,213.4,15.0,43.2,0.81,1,-1,-1
82,14,560.9,209.4,11.2,42.6,0.74,1,-1,-1
82,34,303.6,220.5,5.4,11.9,0.82,1,-1,-1
82,36,506.7,212.2,16.9,40.1,0.88,1,-1,-1
82,42,297.5,221.5,4.7,9.2,0.84,1,-1,-1
83,1,582.4,215.1,20.6,41.3,0.87,1,-1,-1
83,3,539.5,211.3,20.2,50.1,0.89,1,-1,-1
83,4,152.3,228.0,38.7,58.0,0.91,1,-1,-1
83,6,473.5,214.2,12.0,27.2,0.83,1,-1,-1
83,7,28.5,232.7,15.5,55.4,0.84,1,-1,-1
83,11,566.8,212.9,15.1,41.5,0.78,1,-1,-1
83,14,560.4,209.1,12.2,42.3,0.72,1,-1,-1
83,34,303.7,220.4,5.3,12.1,0.81,1,-1,-1
83,36,505.0,211.4,16.3,39.9,0.85,1,-1,-1
83,42,297.5,221.5,4.7,9.5,0.84,1,-1,-1
84,1,583.3,215.2,20.3,39.6,0.87,1,-1,-1
84,3,541.2,212.1,21.2,48.8,0.84,1,-1,-1
84,4,152.1,228.9,33.0,56.5,0.90,1,-1,-1
84,6,471.9,214.6,13.0,28.7,0.83,1,-1,-1
84,7,29.4,238.1,10.2,50.1,0.72,1,-1,-1
84,11,567.2,212.6,14.9,43.4,0.78,1,-1,-1
84,14,558.4,209.2,12.5,40.2,0.69,1,-1,-1
84,34,303.7,220.6,5.4,12.2,0.81,1,-1,-1
84,36,503.6,210.8,16.8,39.7,0.85,1,-1,-1
84,42,297.7,221.5,4.7,9.5,0.84,1,-1,-1
85,1,583.8,215.1,19.8,39.6,0.87,1,-1,-1
85,3,548.0,211.4,17.0,49.4,0.79,1,-1,-1
85,4,150.1,226.8,20.2,59.6,0.88,1,-1,-1
85,5,539.6,214.3,11.6,32.5,0.76,1,-1,-1
85,6,469.9,214.1,13.1,28.6,0.86,1,-1,-1
85,7,10.2,232.0,26.5,55.6,0.84,1,-1,-1
85,11,567.9,212.2,14.3,43.8,0.78,1,-1,-1
85,14,560.5,210.3,10.8,41.6,0.50,1,-1,-1
85,34,303.8,220.7,5.2,11.9,0.82,1,-1,-1
85,36,501.6,211.0,16.7,39.7,0.87,1,-1,-1
85,42,297.7,221.6,4.6,9.4,0.83,1,-1,-1
86,1,583.7,214.8,18.9,39.9,0.86,1,-1,-1
86,3,553.0,210.6,16.1,50.3,0.79,1,-1,-1
86,4,144.6,226.2,19.8,59.1,0.87,1,-1,-1
86,5,539.1,215.3,12.7,30.3,0.83,1,-1,-1
86,6,468.6,213.8,12.9,27.2,0.87,1,-1,-1
86,7,7.5,232.4,20.0,54.4,0.62,1,-1,-1
86,11,568.1,212.2,13.7,44.3,0.79,1,-1,-1
86,14,556.8,208.9,12.9,47.0,0.28,1,-1,-1
86,34,303.7,220.6,5.3,12.1,0.81,1,-1,-1
86,36,500.5,211.8,17.1,39.1,0.87,1,-1,-1
86,42,297.8,221.5,4.6,9.5,0.83,1,-1,-1
86,44,7.6,232.0,28.8,55.2,0.84,1,-1,-1
87,1,582.9,214.7,16.7,40.0,0.85,1,-1,-1
87,3,555.4,208.0,19.9,52.4,0.84,1,-1,-1
87,4,131.7,226.8,29.7,59.2,0.92,1,-1,-1
87,5,538.0,215.0,12.8,30.3,0.83,1,-1,-1
87,6,466.9,213.4,13.1,28.7,0.87,1,-1,-1
87,7,6.6,233.1,17.6,55.1,0.87,1,-1,-1
87,11,568.5,213.2,13.0,42.9,0.72,1,-1,-1
87,34,303.8,220.6,5.3,12.1,0.81,1,-1,-1
87,36,499.1,212.2,17.3,38.5,0.89,1,-1,-1
87,42,297.8,221.4,4.6,9.6,0.83,1,-1,-1
88,1,581.8,215.1,16.3,39.1,0.83,1,-1,-1
88,3,555.3,210.8,25.6,49.0,0.86,1,-1,-1
88,4,123.3,228.2,38.3,58.8,0.91,1,-1,-1
88,5,537.1,214.4,12.9,30.6,0.83,1,-1,-1
88,6,466.3,213.6,13.0,28.6,0.86,1,-1,-1
88,7,1.6,231.5,18.5,56.6,0.87,1,-1,-1
88,11,566.6,210.8,15.5,44.8,0.50,1,-1,-1
88,34,303.9,220.6,5.1,12.0,0.82,1,-1,-1
88,36,498.1,212.1,16.8,37.7,0.85,1,-1,-1
88,42,297.9,221.4,4.6,9.6,0.82,1,-1,-1
89,1,581.6,215.1,16.1,38.7,0.84,1,-1,-1
89,3,560.5,213.2,20.9,45.8,0.82,1,-1,-1
89,4,121.9,228.2,37.1,58.6,0.92,1,-1,-1
89,5,536.6,214.6,13.0,31.0,0.84,1,-1,-1
89,6,463.9,214.0,15.0,28.6,0.84,1,-1,-1
89,7,0.2,232.3,14.5,56.6,0.87,1,-1,-1
89,14,556.6,208.4,11.9,39.4,0.77,1,-1,-1
89,34,304.0,220.6,5.0,11.8,0.81,1,-1,-1
89,36,496.5,211.7,16.2,38.3,0.84,1,-1,-1
89,42,298.1,221.3,4.6,9.6,0.82,1,-1,-1
90,1,582.2,214.7,14.6,39.0,0.77,1,-1,-1
90,3,566.6,211.5,18.6,47.7,0.82,1,-1,-1
90,4,119.8,227.9,26.4,58.5,0.88,1,-1,-1
90,5,535.9,214.1,12.6,30.8,0.85,1,-1,-1
90,6,462.5,213.5,12.0,27.6,0.85,1,-1,-1
90,7,0.0,234.0,13.5,54.9,0.87,1,-1,-1
90,14,555.8,208.8,12.1,41.2,0.80,1,-1,-1
90,34,304.4,220.8,4.9,11.6,0.83,1,-1,-1
90,36,495.4,211.7,15.7,37.9,0.85,1,-1,-1
90,42,298.6,221.4,4.5,9.5,0.82,1,-1,-1
91,1,584.4,215.4,12.9,36.3,0.77,1,-1,-1
91,3,574.7,210.3,15.0,49.3,0.79,1,-1,-1
91,4,115.4,226.9,18.0,59.6,0.87,1,-1,-1
91,5,534.4,213.4,13.0,31.3,0.86,1,-1,-1
91,6,460.3,213.9,12.6,26.2,0.87,1,-1,-1
91,7,0.1,233.1,10.1,55.4,0.84,1,-1,-1
91,11,563.0,213.3,14.0,38.4,0.80,1,-1,-1
91,14,554.4,208.4,11.3,41.5,0.76,1,-1,-1
91,34,304.9,220.8,4.8,11.4,0.82,1,-1,-1
91,36,494.2,212.4,15.7,36.7,0.86,1,-1,-1
91,42,298.9,221.3,4.7,9.5,0.84,1,-1,-1
92,3,576.4,211.1,20.3,47.0,0.87,1,-1,-1
92,4,102.7,226.6,27.6,59.7,0.90,1,-1,-1
92,5,533.7,213.8,13.1,30.2,0.85,1,-1,-1
92,6,459.3,214.0,12.5,27.0,0.85,1,-1,-1
92,11,561.6,213.3,15.4,37.2,0.79,1,-1,-1
92,14,553.2,208.4,12.1,40.2,0.77,1,-1,-1
92,34,305.1,220.5,4.8,10.4,0.82,1,-1,-1
92,36,492.4,212.5,15.7,36.6,0.89,1,-1,-1
92,42,299.1,221.0,4.9,9.3,0.84,1,-1,-1
93,3,579.2,211.1,18.1,45.9,0.83,1,-1,-1
93,4,94.9,228.3,35.7,58.4,0.91,1,-1,-1
93,5,533.1,214.6,12.8,29.8,0.84,1,-1,-1
93,6,458.3,214.1,12.3,26.9,0.85,1,-1,-1
93,11,559.6,213.8,12.4,36.9,0.76,1,-1,-1
93,14,551.7,209.4,12.8,39.0,0.78,1,-1,-1
93,34,305.3,220.2,4.8,10.4,0.82,1,-1,-1
93,36,491.4,212.2,15.6,37.1,0.86,1,-1,-1
93,42,299.0,221.1,5.2,9.4,0.84,1,-1,-1
94,3,584.1,209.2,15.1,47.5,0.79,1,-1,-1
94,4,92.1,230.2,36.3,56.8,0.90,1,-1,-1
94,5,532.5,215.0,12.0,28.6,0.85,1,-1,-1
94,6,457.0,214.1,11.0,26.3,0.85,1,-1,-1
94,11,556.7,212.5,12.0,38.6,0.77,1,-1,-1
94,14,551.1,208.5,9.5,40.8,0.65,1,-1,-1
94,34,305.5,220.3,4.7,9.8,0.80,1,-1,-1
94,36,490.2,211.6,15.6,37.3,0.85,1,-1,-1
94,42,299.1,221.1,5.1,9.1,0.84,1,-1,-1
95,1,575.7,214.7,16.2,36.8,0.79,1,-1,-1
95,3,590.0,209.8,13.7,47.0,0.83,1,-1,-1
95,4,91.4,228.0,30.3,58.8,0.88,1,-1,-1
95,5,530.7,214.1,12.7,29.6,0.85,1,-1,-1
95,6,456.2,213.9,10.9,26.7,0.86,1,-1,-1
95,11,553.5,212.4,14.4,39.2,0.85,1,-1,-1
95,14,550.6,207.6,9.5,41.5,0.70,1,-1,-1
95,34,305.6,220.7,4.8,9.0,0.80,1,-1,-1
95,36,489.3,211.7,15.6,37.0,0.85,1,-1,-1
95,42,299.2,221.0,4.9,9.0,0.83,1,-1,-1
96,1,575.5,213.8,17.0,34.9,0.84,1,-1,-1
96,3,591.5,211.3,18.4,45.3,0.86,1,-1,-1
96,4,89.2,227.7,19.7,59.3,0.85,1,-1,-1
96,5,529.5,214.5,12.4,29.0,0.83,1,-1,-1
96,6,455.1,214.0,11.3,26.2,0.86,1,-1,-1
96,11,551.7,211.9,14.6,40.1,0.84,1,-1,-1
96,14,550.7,208.7,10.6,40.8,0.25,1,-1,-1
96,34,306.3,220.9,4.8,7.9,0.64,1,-1,-1
96,36,487.9,212.5,15.4,36.0,0.85,1,-1,-1
96,42,299.3,220.9,5.0,8.8,0.82,1,-1,-1
97,1,574.1,214.3,16.6,37.3,0.82,1,-1,-1
97,3,592.4,211.6,17.4,42.2,0.84,1,-1,-1
97,4,84.0,227.7,19.2,58.7,0.86,1,-1,-1
97,5,528.4,213.9,12.6,29.5,0.84,1,-1,-1
97,6,453.8,214.7,11.5,26.2,0.87,1,-1,-1
97,11,549.9,211.7,12.5,37.8,0.81,1,-1,-1
97,14,548.6,208.2,10.6,38.0,0.48,1,-1,-1
97,34,306.2,220.5,4.9,7.9,0.18,1,-1,-1
97,36,486.6,212.7,15.2,35.5,0.86,1,-1,-1
97,42,299.3,220.9,4.8,8.6,0.80,1,-1,-1
98,1,572.8,213.6,17.0,38.3,0.85,1,-1,-1
98,3,598.6,211.1,11.0,39.6,0.83,1,-1,-1
98,4,74.7,228.0,25.6,58.3,0.90,1,-1,-1
98,5,527.4,214.0,12.2,29.9,0.85,1,-1,-1
98,6,452.8,214.6,11.4,25.9,0.87,1,-1,-1
98,11,548.0,211.0,11.9,41.2,0.84,1,-1,-1
98,36,484.6,212.5,15.8,35.8,0.87,1,-1,-1
98,42,299.4,221.0,4.7,8.6,0.82,1,-1,-1
99,1,571.5,212.9,16.3,38.4,0.86,1,-1,-1
99,4,65.1,229.8,34.5,56.7,0.93,1,-1,-1
99,5,526.4,213.9,11.7,30.0,0.80,1,-1,-1
99,6,452.1,214.1,10.9,26.1,0.86,1,-1,-1
99,11,542.5,208.5,15.4,42.8,0.84,1,-1,-1
99,36,483.9,212.1,14.9,36.2,0.88,1,-1,-1
99,42,299.8,221.3,4.8,8.0,0.74,1,-1,-1
100,1,571.0,213.2,16.4,37.6,0.86,1,-1,-1
100,4,63.8,230.8,35.1,55.6,0.91,1,-1,-1
100,5,526.0,214.0,11.8,30.4,0.78,1,-1,-1
100,6,452.1,214.0,10.8,25.9,0.86,1,-1,-1
100,11,542.6,209.3,15.1,42.1,0.83,1,-1,-1
100,36,483.3,212.2,15.0,36.4,0.87,1,-1,-1
100,42,299.7,221.1,4.7,8.3,0.77,1,-1,-1
101,1,569.4,213.1,16.1,37.6,0.85,1,-1,-1
101,3,613.1,209.4,13.8,42.0,0.83,1,-1,-1
101,4,62.2,229.2,27.5,58.0,0.88,1,-1,-1
101,5,524.7,214.1,11.5,28.7,0.78,1,-1,-1
101,6,451.8,214.3,10.5,25.1,0.85,1,-1,-1
101,11,541.7,210.9,14.3,42.2,0.80,1,-1,-1
101,36,481.8,213.0,15.2,34.6,0.85,1,-1,-1
101,42,299.9,221.1,5.1,7.7,0.66,1,-1,-1
102,1,568.5,212.8,17.5,38.1,0.87,1,-1,-1
102,3,614.0,208.9,15.1,43.0,0.84,1,-1,-1
102,4,58.5,228.4,19.4,58.7,0.88,1,-1,-1
102,5,523.8,214.3,11.4,28.3,0.81,1,-1,-1
102,6,451.7,214.7,10.4,25.0,0.85,1,-1,-1
102,11,538.6,211.6,12.9,40.1,0.79,1,-1,-1
102,14,545.6,208.2,10.7,35.6,0.71,1,-1,-1
102,36,480.6,213.4,15.1,33.8,0.85,1,-1,-1
102,42,299.9,221.8,4.5,6.8,0.45,1,-1,-1
103,1,567.0,212.5,18.9,38.5,0.87,1,-1,-1
103,3,617.2,207.8,14.4,44.2,0.81,1,-1,-1
103,4,53.8,228.3,20.1,58.2,0.88,1,-1,-1
103,5,522.1,214.5,11.3,27.9,0.82,1,-1,-1
103,6,451.3,214.2,10.2,25.4,0.84,1,-1,-1
103,11,538.0,210.8,12.8,39.4,0.78,1,-1,-1
103,14,545.3,208.8,9.9,35.9,0.69,1,-1,-1
103,36,479.5,213.2,14.5,33.8,0.85,1,-1,-1
103,42,299.8,220.0,3.9,7.6,0.14,1,-1,-1
104,1,566.1,213.0,19.1,37.8,0.87,1,-1,-1
104,3,621.4,207.2,13.8,45.0,0.82,1,-1,-1
104,4,42.5,229.1,28.6,57.6,0.91,1,-1,-1
104,5,521.0,214.2,11.2,28.1,0.85,1,-1,-1
104,6,451.1,213.4,9.9,25.6,0.81,1,-1,-1
104,11,536.3,211.9,11.9,37.9,0.81,1,-1,-1
104,14,543.9,209.1,10.5,37.0,0.77,1,-1,-1
104,36,478.1,212.6,14.8,31.5,0.87,1,-1,-1
105,1,565.7,213.2,18.8,37.6,0.88,1,-1,-1
105,3,622.9,208.3,16.8,42.7,0.86,1,-1,-1
105,4,37.5,230.5,33.1,56.6,0.91,1,-1,-1
105,5,520.2,213.7,11.5,29.2,0.85,1,-1,-1
105,6,450.7,213.5,9.8,25.3,0.84,1,-1,-1
105,11,533.9,213.6,12.9,36.8,0.82,1,-1,-1
105,14,542.6,209.7,11.6,36.7,0.80,1,-1,-1
105,36,477.2,212.5,14.6,33.2,0.87,1,-1,-1
105,47,362.8,219.8,6.4,15.3,0.80,1,-1,-1
106,1,564.6,212.7,17.8,36.2,0.87,1,-1,-1
106,3,624.1,207.6,15.8,43.2,0.86,1,-1,-1
106,4,36.9,230.3,32.3,56.7,0.92,1,-1,-1
106,5,519.4,213.9,11.2,28.5,0.84,1,-1,-1
106,6,450.4,214.0,9.6,24.3,0.85,1,-1,-1
106,11,531.8,213.8,11.9,35.6,0.81,1,-1,-1
106,14,541.0,209.5,12.5,35.9,0.79,1,-1,-1
106,36,475.9,212.4,14.5,34.0,0.88,1,-1,-1
106,48,361.2,217.9,7.6,17.8,0.82,1,-1,-1
107,1,562.7,212.6,17.6,35.5,0.86,1,-1,-1
107,3,627.5,206.8,12.4,42.5,0.80,1,-1,-1
107,4,35.8,230.6,26.6,55.9,0.87,1,-1,-1
107,5,518.3,214.0,11.0,27.1,0.83,1,-1,-1
107,6,450.2,214.0,9.4,23.7,0.85,1,-1,-1
107,11,529.9,213.9,12.1,34.3,0.78,1,-1,-1
107,14,540.3,209.0,12.8,37.9,0.83,1,-1,-1
107,36,474.0,212.9,15.4,33.8,0.86,1,-1,-1
107,48,360.1,217.9,7.7,18.0,0.83,1,-1,-1
108,1,561.5,212.5,16.8,36.7,0.85,1,-1,-1
108,3,632.0,205.6,7.8,42.9,0.71,1,-1,-1
108,4,33.4,230.0,19.1,56.8,0.83,1,-1,-1
108,5,517.5,213.7,11.0,28.0,0.82,1,-1,-1
108,6,450.1,213.4,9.4,24.3,0.85,1,-1,-1
108,11,528.0,213.7,12.9,36.3,0.80,1,-1,-1
108,14,538.7,207.9,12.7,39.3,0.82,1,-1,-1
108,36,472.9,213.3,15.0,32.3,0.86,1,-1,-1
108,48,359.4,217.9,7.7,17.7,0.85,1,-1,-1
109,1,560.5,212.8,15.9,36.5,0.85,1,-1,-1
109,4,28.6,229.0,18.1,58.2,0.84,1,-1,-1
109,5,516.5,213.6,11.1,27.6,0.81,1,-1,-1
109,6,449.8,213.2,9.1,24.3,0.86,1,-1,-1
109,11,525.3,214.5,14.4,35.7,0.80,1,-1,-1
109,14,537.8,207.8,11.1,37.3,0.81,1,-1,-1
109,36,470.9,213.2,14.5,31.7,0.85,1,-1,-1
109,48,358.5,217.2,7.8,18.3,0.85,1,-1,-1
110,1,559.8,213.0,14.5,35.8,0.85,1,-1,-1
110,4,21.5,230.8,22.5,56.1,0.85,1,-1,-1
110,5,515.0,213.1,10.3,28.0,0.78,1,-1,-1
110,6,449.8,213.2,9.3,25.0,0.85,1,-1,-1
110,11,524.5,214.4,13.6,33.6,0.81,1,-1,-1
110,14,537.0,208.6,11.0,37.9,0.80,1,-1,-1
110,36,470.1,213.1,14.0,31.7,0.87,1,-1,-1
110,48,358.1,217.1,8.0,18.4,0.86,1,-1,-1
111,1,557.3,213.2,14.9,35.3,0.84,1,-1,-1
111,4,12.5,246.1,30.3,40.1,0.87,1,-1,-1
111,5,513.8,213.5,10.2,27.8,0.77,1,-1,-1
111,6,449.7,213.3,9.2,24.7,0.85,1,-1,-1
111,11,523.2,213.2,10.9,35.4,0.81,1,-1,-1
111,14,536.2,209.4,11.3,36.3,0.81,1,-1,-1
111,36,469.3,212.9,14.1,31.8,0.87,1,-1,-1
111,48,357.3,217.3,8.1,18.3,0.85,1,-1,-1
112,1,556.2,212.7,14.6,36.2,0.87,1,-1,-1
112,4,11.1,230.0,29.8,56.0,0.87,1,-1,-1
112,5,513.3,213.2,9.9,27.9,0.79,1,-1,-1
112,6,449.9,213.2,8.9,23.9,0.85,1,-1,-1
112,11,521.5,212.4,11.5,37.0,0.75,1,-1,-1
112,14,534.5,208.7,11.2,37.2,0.81,1,-1,-1
112,36,468.4,213.4,13.9,31.2,0.86,1,-1,-1
112,48,356.9,217.8,8.1,17.6,0.85,1,-1,-1
113,1,554.3,212.4,17.2,36.8,0.87,1,-1,-1
113,4,10.2,231.7,13.8,54.8,0.82,1,-1,-1
113,5,511.8,213.2,9.5,27.6,0.77,1,-1,-1
113,6,449.8,212.0,8.8,24.5,0.85,1,-1,-1
113,11,519.0,213.2,12.2,34.4,0.80,1,-1,-1
113,14,532.6,208.6,10.6,37.5,0.81,1,-1,-1
113,36,466.4,212.9,14.0,31.2,0.85,1,-1,-1
113,48,356.3,217.5,8.3,18.3,0.83,1,-1,-1
114,1,553.7,212.5,18.0,36.3,0.87,1,-1,-1
114,4,6.3,231.2,16.0,55.0,0.80,1,-1,-1
114,5,510.2,212.8,9.9,27.8,0.78,1,-1,-1
114,6,449.7,211.5,8.8,25.0,0.84,1,-1,-1
114,11,518.4,213.4,12.6,33.1,0.81,1,-1,-1
114,14,531.4,208.0,10.8,37.1,0.80,1,-1,-1
114,36,465.7,212.8,14.0,30.8,0.86,1,-1,-1
114,48,355.8,217.2,8.3,18.1,0.76,1,-1,-1
115,1,552.9,212.7,17.5,36.2,0.86,1,-1,-1
115,4,0.2,230.9,20.0,56.6,0.88,1,-1,-1
115,5,508.6,212.8,10.1,28.5,0.76,1,-1,-1
115,6,449.5,211.6,8.9,24.8,0.84,1,-1,-1
115,11,516.3,212.9,12.4,32.4,0.79,1,-1,-1
115,14,527.7,208.0,13.1,37.3,0.84,1,-1,-1
115,36,465.0,213.2,12.5,30.1,0.84,1,-1,-1
115,48,355.4,218.0,7.7,17.4,0.85,1,-1,-1
116,1,552.2,212.5,17.2,35.6,0.86,1,-1,-1
116,4,0.3,233.0,19.3,54.0,0.86,1,-1,-1
116,5,507.9,212.9,10.0,28.3,0.71,1,-1,-1
116,6,449.2,211.6,9.1,24.5,0.84,1,-1,-1
116,11,516.1,212.2,12.2,33.7,0.82,1,-1,-1
116,14,526.8,208.7,14.1,36.7,0.84,1,-1,-1
116,36,462.9,213.4,13.1,30.4,0.85,1,-1,-1
116,48,354.5,218.0,8.0,17.6,0.85,1,-1,-1
117,1,551.0,212.3,16.8,35.3,0.86,1,-1,-1
117,4,0.1,232.3,17.8,55.5,0.86,1,-1,-1
117,5,506.7,212.1,9.2,29.2,0.68,1,-1,-1
117,6,448.7,211.6,9.3,23.6,0.84,1,-1,-1
117,11,514.4,212.2,12.2,34.6,0.81,1,-1,-1
117,14,525.5,208.5,13.9,36.7,0.83,1,-1,-1
117,36,461.6,213.8,13.6,30.6,0.86,1,-1,-1
117,48,353.8,218.1,8.2,17.7,0.84,1,-1,-1
118,1,549.8,212.3,15.5,35.5,0.85,1,-1,-1
118,4,0.0,227.0,12.6,59.2,0.74,1,-1,-1
118,5,505.7,212.0,9.6,27.6,0.76,1,-1,-1
118,6,448.8,211.8,9.0,23.0,0.85,1,-1,-1
118,11,512.7,211.8,13.2,35.8,0.80,1,-1,-1
118,14,524.1,208.2,13.2,35.7,0.83,1,-1,-1
118,36,460.4,213.8,13.7,29.9,0.87,1,-1,-1
118,48,353.4,217.9,8.3,17.3,0.86,1,-1,-1
119,1,548.9,212.3,15.2,35.2,0.86,1,-1,-1
119,5,504.2,211.4,9.6,28.5,0.75,1,-1,-1
119,6,448.7,212.3,8.5,22.6,0.84,1,-1,-1
119,11,511.7,212.7,13.4,35.3,0.77,1,-1,-1
119,14,522.8,207.7,10.6,36.6,0.78,1,-1,-1
119,36,459.1,213.3,14.1,30.8,0.86,1,-1,-1
119,48,352.9,217.7,8.6,17.9,0.87,1,-1,-1
120,1,548.3,212.8,14.3,34.2,0.85,1,-1,-1
120,5,502.2,212.4,8.9,28.0,0.76,1,-1,-1
120,6,448.8,212.6,8.3,22.3,0.83,1,-1,-1
120,11,508.8,213.3,12.5,32.4,0.80,1,-1,-1
120,14,521.2,208.1,9.7,34.3,0.82,1,-1,-1
120,36,457.9,212.7,14.1,31.0,0.85,1,-1,-1
120,48,352.6,217.8,8.3,17.6,0.88,1,-1,-1
121,1,547.4,212.9,14.4,33.8,0.85,1,-1,-1
121,5,501.2,213.2,9.3,26.7,0.71,1,-1,-1
121,6,448.6,212.6,8.2,22.5,0.81,1,-1,-1
121,11,507.2,212.3,12.2,33.7,0.81,1,-1,-1
121,14,519.2,208.8,10.8,35.8,0.82,1,-1,-1
121,36,457.2,213.0,13.5,30.8,0.84,1,-1,-1
121,48,352.3,217.9,8.3,17.7,0.88,1,-1,-1
122,1,545.7,212.8,15.1,34.6,0.84,1,-1,-1
122,5,501.0,213.5,8.8,26.7,0.53,1,-1,-1
122,6,448.2,212.2,8.3,22.9,0.82,1,-1,-1
122,11,504.9,212.7,12.6,34.2,0.78,1,-1,-1
122,14,518.0,209.0,11.6,35.5,0.83,1,-1,-1
122,36,456.8,214.1,12.1,29.6,0.83,1,-1,-1
122,48,351.9,217.7,8.4,18.2,0.88,1,-1,-1
123,1,545.3,212.1,17.0,35.5,0.85,1,-1,-1
123,5,498.5,211.8,8.9,29.2,0.67,1,-1,-1
123,6,448.2,212.0,7.8,21.8,0.81,1,-1,-1
123,11,503.7,212.7,12.1,33.6,0.75,1,-1,-1
123,14,516.0,208.5,10.2,35.8,0.80,1,-1,-1
123,36,455.6,214.5,11.9,28.2,0.83,1,-1,-1
123,48,351.5,217.6,8.2,18.2,0.88,1,-1,-1
124,1,544.8,212.0,17.6,35.8,0.85,1,-1,-1
124,5,497.7,213.0,8.2,27.6,0.58,1,-1,-1
124,6,447.4,212.6,7.8,21.5,0.78,1,-1,-1
124,11,501.6,213.5,11.9,30.6,0.70,1,-1,-1
124,14,514.3,207.8,10.3,36.2,0.79,1,-1,-1
124,36,454.2,214.3,12.6,28.7,0.83,1,-1,-1
124,48,351.0,218.0,8.3,17.7,0.87,1,-1,-1
125,1,544.0,212.6,17.8,34.6,0.84,1,-1,-1
125,6,447.2,212.7,8.2,21.6,0.78,1,-1,-1
125,11,498.3,212.6,13.7,32.9,0.81,1,-1,-1
125,14,512.3,208.7,10.9,35.1,0.83,1,-1,-1
125,36,454.0,214.3,12.3,26.8,0.82,1,-1,-1
125,48,350.6,218.6,8.1,16.9,0.87,1,-1,-1
126,1,542.7,213.1,18.0,32.8,0.85,1,-1,-1
126,6,446.5,211.9,8.8,21.8,0.78,1,-1,-1
126,11,497.0,212.7,13.5,33.1,0.82,1,-1,-1
126,14,509.8,209.0,12.7,35.0,0.83,1,-1,-1
126,36,453.2,214.2,12.0,27.9,0.83,1,-1,-1
126,48,349.8,218.2,7.6,16.4,0.85,1,-1,-1
127,1,541.5,212.7,16.6,33.4,0.84,1,-1,-1
127,6,446.5,212.1,7.8,20.3,0.75,1,-1,-1
127,11,496.7,212.6,12.9,33.9,0.80,1,-1,-1
127,14,509.1,209.7,12.9,34.4,0.84,1,-1,-1
127,36,451.9,214.2,12.0,28.5,0.82,1,-1,-1
127,48,349.4,217.9,7.6,16.5,0.85,1,-1,-1
128,1,541.0,212.0,14.9,33.4,0.85,1,-1,-1
128,5,492.0,213.0,7.2,26.9,0.52,1,-1,-1
128,6,447.0,213.1,9.9,23.2,0.41,1,-1,-1
128,11,494.8,213.9,12.5,32.1,0.75,1,-1,-1
128,14,506.1,208.4,15.2,36.3,0.83,1,-1,-1
128,36,449.5,214.1,13.2,29.2,0.82,1,-1,-1
128,48,348.8,217.9,7.8,16.5,0.84,1,-1,-1
128,53,311.6,220.7,5.0,11.7,0.84,1,-1,-1
129,1,540.6,212.2,13.1,33.1,0.83,1,-1,-1
129,5,490.6,213.2,7.4,26.6,0.28,1,-1,-1
129,11,492.2,213.7,12.0,32.0,0.79,1,-1,-1
129,14,504.9,208.5,12.0,35.6,0.80,1,-1,-1
129,36,447.8,213.9,12.8,28.4,0.84,1,-1,-1
129,48,348.5,218.4,7.5,16.5,0.78,1,-1,-1
129,53,311.7,220.3,5.5,12.9,0.84,1,-1,-1
130,1,539.4,212.4,12.8,32.8,0.82,1,-1,-1
130,11,490.2,213.6,12.4,31.9,0.81,1,-1,-1
130,14,503.6,208.9,9.2,33.0,0.82,1,-1,-1
130,36,446.7,213.5,12.5,28.6,0.85,1,-1,-1
130,48,347.8,218.7,7.5,16.1,0.81,1,-1,-1
130,53,312.0,220.3,5.3,13.2,0.83,1,-1,-1
131,1,537.9,212.4,13.2,32.5,0.83,1,-1,-1
131,11,489.2,213.7,12.1,32.2,0.80,1,-1,-1
131,14,502.2,209.6,10.3,33.8,0.83,1,-1,-1
131,36,446.2,213.5,12.2,28.6,0.86,1,-1,-1
131,48,347.4,218.3,7.6,16.5,0.84,1,-1,-1
131,53,312.2,220.2,5.2,13.4,0.83,1,-1,-1
131,55,306.3,221.1,5.1,12.3,0.78,1,-1,-1
132,1,536.3,212.6,13.4,32.2,0.83,1,-1,-1
132,11,487.6,213.8,11.2,29.3,0.79,1,-1,-1
132,14,499.6,210.3,12.1,33.3,0.84,1,-1,-1
132,36,445.6,213.8,11.8,28.2,0.86,1,-1,-1
132,48,346.7,218.2,7.7,15.9,0.85,1,-1,-1
132,53,312.4,220.4,5.3,13.2,0.83,1,-1,-1
132,55,305.8,221.2,5.6,13.0,0.84,1,-1,-1
133,1,535.4,212.2,14.9,32.6,0.85,1,-1,-1
133,11,486.7,213.9,11.6,31.8,0.83,1,-1,-1
133,14,499.0,210.4,11.1,32.9,0.80,1,-1,-1
133,36,445.1,213.8,12.1,27.9,0.86,1,-1,-1
133,48,346.6,218.4,7.4,16.1,0.85,1,-1,-1
133,53,312.6,220.5,5.4,13.5,0.84,1,-1,-1
133,55,305.8,221.3,5.7,13.1,0.85,1,-1,-1
134,1,534.5,212.0,16.1,32.6,0.86,1,-1,-1
134,11,485.3,213.3,11.9,31.3,0.84,1,-1,-1
134,14,496.9,210.7,10.2,31.2,0.82,1,-1,-1
134,36,443.8,213.5,12.2,28.0,0.86,1,-1,-1
134,48,346.1,218.6,7.0,15.8,0.86,1,-1,-1
134,53,312.7,220.6,5.4,13.4,0.84,1,-1,-1
134,55,305.8,221.5,5.9,13.1,0.84,1,-1,-1
135,1,533.5,211.8,16.6,33.0,0.86,1,-1,-1
135,11,483.7,213.4,12.8,32.1,0.84,1,-1,-1
135,14,495.3,210.0,10.1,31.9,0.82,1,-1,-1
135,36,442.6,213.1,11.9,26.7,0.85,1,-1,-1
135,48,345.5,218.2,6.8,16.0,0.87,1,-1,-1
135,53,312.8,220.6,5.4,13.5,0.85,1,-1,-1
135,55,305.7,221.5,6.1,12.9,0.85,1,-1,-1
136,1,532.5,211.9,16.8,32.7,0.86,1,-1,-1
136,11,481.7,212.6,13.7,32.5,0.83,1,-1,-1
136,14,493.9,210.9,11.3,30.8,0.81,1,-1,-1
136,36,441.9,213.0,12.1,27.9,0.84,1,-1,-1
136,48,344.9,217.9,7.0,16.2,0.87,1,-1,-1
136,53,312.9,220.5,5.3,13.6,0.84,1,-1,-1
136,55,305.6,221.6,6.2,12.8,0.85,1,-1,-1
137,1,531.5,211.7,16.2,32.1,0.86,1,-1,-1
137,6,445.2,210.5,8.8,16.2,0.66,1,-1,-1
137,11,480.8,213.8,12.0,30.9,0.83,1,-1,-1
137,14,491.6,211.9,12.3,30.8,0.83,1,-1,-1
137,36,440.9,213.0,12.4,29.0,0.84,1,-1,-1
137,48,344.6,217.9,6.7,16.0,0.87,1,-1,-1
137,53,312.9,220.4,5.3,13.6,0.83,1,-1,-1
137,55,305.7,221.4,6.2,13.0,0.85,1,-1,-1
138,1,529.7,211.4,15.9,31.8,0.84,1,-1,-1
138,6,446.6,209.9,7.7,18.0,0.73,1,-1,-1
138,11,479.7,214.4,10.4,29.7,0.83,1,-1,-1
138,14,489.6,211.7,13.7,31.2,0.84,1,-1,-1
138,36,439.8,214.1,12.4,27.3,0.82,1,-1,-1
138,48,344.1,218.2,6.6,16.1,0.87,1,-1,-1
138,53,313.2,220.3,5.3,13.2,0.83,1,-1,-1
138,55,305.9,221.5,6.3,12.8,0.85,1,-1,-1
139,1,528.5,211.1,13.3,32.8,0.84,1,-1,-1
139,6,446.2,208.6,8.0,20.1,0.80,1,-1,-1
139,11,478.5,213.9,10.3,30.1,0.81,1,-1,-1
139,14,488.3,210.6,12.7,31.1,0.82,1,-1,-1
139,36,438.0,214.0,12.3,26.7,0.84,1,-1,-1
139,48,343.8,218.4,6.7,16.2,0.87,1,-1,-1
139,53,313.5,220.5,5.2,13.1,0.84,1,-1,-1
139,55,306.1,221.4,6.3,12.7,0.84,1,-1,-1
140,1,527.1,211.1,14.0,32.9,0.83,1,-1,-1
140,6,446.3,208.0,7.8,20.3,0.82,1,-1,-1
140,11,477.3,214.0,11.0,30.8,0.83,1,-1,-1
140,14,487.2,209.8,10.6,31.9,0.83,1,-1,-1
140,36,437.2,213.5,12.6,27.0,0.84,1,-1,-1
140,48,343.4,218.4,6.7,15.1,0.87,1,-1,-1
140,53,313.8,220.5,5.2,13.2,0.84,1,-1,-1
140,55,306.4,221.4,6.3,12.8,0.83,1,-1,-1
141,1,525.9,211.4,14.5,32.8,0.81,1,-1,-1
141,6,446.2,207.4,8.1,20.1,0.84,1,-1,-1
141,11,475.4,213.6,11.4,31.8,0.82,1,-1,-1
141,14,485.1,210.3,9.9,31.6,0.79,1,-1,-1
141,36,436.1,213.6,12.1,27.0,0.84,1,-1,-1
141,48,342.9,218.2,7.0,16.1,0.86,1,-1,-1
141,53,313.9,220.3,5.3,13.2,0.84,1,-1,-1
141,55,306.6,221.2,6.3,12.7,0.82,1,-1,-1
142,1,524.0,210.8,13.6,32.4,0.85,1,-1,-1
142,6,446.0,206.5,8.5,20.6,0.86,1,-1,-1
142,11,472.3,214.7,10.2,25.5,0.76,1,-1,-1
142,14,481.4,210.8,12.6,32.3,0.84,1,-1,-1
142,36,435.4,214.0,11.2,26.9,0.84,1,-1,-1
142,48,342.5,218.7,6.7,15.5,0.86,1,-1,-1
142,53,314.1,220.3,5.5,13.7,0.83,1,-1,-1
142,55,306.8,220.9,6.4,13.3,0.80,1,-1,-1
143,1,522.2,211.2,13.8,31.9,0.85,1,-1,-1
143,6,445.7,205.3,8.9,20.9,0.87,1,-1,-1
143,11,470.9,214.8,10.9,28.5,0.78,1,-1,-1
143,14,480.1,211.0,12.7,32.2,0.80,1,-1,-1
143,36,434.4,214.9,10.7,25.2,0.83,1,-1,-1
143,48,342.2,218.9,6.6,15.1,0.85,1,-1,-1
143,53,314.1,220.4,5.5,13.7,0.84,1,-1,-1
143,55,306.9,221.1,6.4,13.3,0.81,1,-1,-1
144,1,521.3,211.4,16.1,31.6,0.84,1,-1,-1
144,6,445.7,204.5,9.1,21.4,0.86,1,-1,-1
144,11,470.0,214.4,11.8,29.6,0.83,1,-1,-1
144,14,479.6,210.6,9.2,29.6,0.78,1,-1,-1
144,36,433.3,214.7,10.9,25.5,0.83,1,-1,-1
144,48,341.8,219.0,6.4,14.5,0.82,1,-1,-1
144,53,314.1,220.5,5.4,13.7,0.83,1,-1,-1
144,55,306.9,221.2,6.5,13.2,0.81,1,-1,-1
145,1,520.6,211.8,16.3,31.5,0.84,1,-1,-1
145,6,445.7,204.4,9.1,21.6,0.86,1,-1,-1
145,11,468.4,215.2,12.5,28.8,0.83,1,-1,-1
145,14,477.3,209.9,10.0,32.0,0.79,1,-1,-1
145,36,432.2,214.6,11.0,26.5,0.83,1,-1,-1
145,48,341.6,218.9,6.6,14.9,0.82,1,-1,-1
145,53,314.1,220.5,5.4,14.0,0.83,1,-1,-1
145,55,306.9,221.2,6.5,13.4,0.81,1,-1,-1
146,1,519.5,212.4,16.8,30.9,0.84,1,-1,-1
146,6,445.7,204.8,9.1,21.6,0.84,1,-1,-1
146,11,466.9,214.1,12.1,29.9,0.82,1,-1,-1
146,14,475.8,210.4,11.2,30.2,0.82,1,-1,-1
146,36,430.7,214.7,11.3,25.9,0.84,1,-1,-1
146,48,341.4,218.7,6.7,15.2,0.83,1,-1,-1
146,53,314.1,220.5,5.4,13.9,0.83,1,-1,-1
146,55,307.0,221.1,6.4,13.3,0.81,1,-1,-1
147,1,518.4,212.4,15.9,30.4,0.84,1,-1,-1
147,6,446.0,204.2,8.8,21.4,0.85,1,-1,-1
147,11,465.7,214.6,10.7,28.8,0.79,1,-1,-1
147,14,474.0,211.2,12.5,30.8,0.81,1,-1,-1
147,36,429.9,214.6,11.3,25.6,0.85,1,-1,-1
147,48,341.2,218.9,6.9,15.2,0.83,1,-1,-1
147,53,314.1,220.4,5.4,13.6,0.82,1,-1,-1
147,55,307.1,221.1,6.4,13.3,0.81,1,-1,-1
148,1,517.0,212.3,14.4,29.6,0.84,1,-1,-1
148,6,445.9,203.4,8.7,20.0,0.86,1,-1,-1
148,11,464.8,214.7,9.2,28.7,0.77,1,-1,-1
148,14,472.2,212.0,13.4,30.3,0.82,1,-1,-1
148,36,428.5,215.0,12.0,26.1,0.86,1,-1,-1
148,48,341.0,219.0,7.0,15.1,0.81,1,-1,-1
148,53,314.2,220.6,5.3,13.1,0.81,1,-1,-1
148,55,307.3,221.2,6.4,13.2,0.80,1,-1,-1
149,1,514.2,211.7,14.3,29.7,0.85,1,-1,-1
149,6,446.0,203.1,8.5,19.9,0.86,1,-1,-1
149,11,463.3,215.0,9.5,28.4,0.78,1,-1,-1
149,14,472.1,211.8,12.7,30.3,0.81,1,-1,-1
149,36,427.0,215.0,12.2,26.1,0.86,1,-1,-1
149,48,340.9,218.8,7.1,15.4,0.80,1,-1,-1
149,53,314.3,220.7,5.4,13.1,0.81,1,-1,-1
149,55,307.6,221.4,6.2,13.1,0.78,1,-1,-1
150,1,513.0,211.8,13.1,30.5,0.84,1,-1,-1
150,6,445.8,203.1,8.6,19.8,0.86,1,-1,-1
150,11,462.1,214.8,9.7,28.2,0.84,1,-1,-1
150,14,470.8,211.5,11.0,29.1,0.83,1,-1,-1
150,36,425.8,214.8,12.1,26.2,0.86,1,-1,-1
150,48,340.9,218.7,7.2,15.2,0.78,1,-1,-1
150,53,314.4,220.7,5.4,13.1,0.81,1,-1,-1
150,55,307.7,221.3,6.3,13.4,0.76,1,-1,-1
151,1,511.7,212.1,13.2,30.3,0.83,1,-1,-1
151,6,445.7,202.8,8.2,20.2,0.84,1,-1,-1
151,11,459.9,214.3,9.8,28.4,0.82,1,-1,-1
151,14,468.9,211.5,10.2,28.4,0.78,1,-1,-1
151,36,424.5,214.6,11.6,25.4,0.83,1,-1,-1
151,48,340.6,218.5,6.8,15.5,0.76,1,-1,-1
151,53,314.6,220.4,5.6,13.4,0.81,1,-1,-1
151,55,307.8,221.1,6.5,13.6,0.75,1,-1,-1
152,1,510.2,212.1,13.1,30.4,0.83,1,-1,-1
152,6,445.4,202.2,8.2,19.2,0.84,1,-1,-1
152,11,458.6,214.1,10.1,28.2,0.80,1,-1,-1
152,14,467.3,211.7,10.3,29.5,0.79,1,-1,-1
152,36,423.1,214.5,12.1,25.7,0.83,1,-1,-1
152,48,340.5,218.9,6.5,15.0,0.75,1,-1,-1
152,53,314.7,220.3,5.6,13.5,0.80,1,-1,-1
152,55,307.8,221.0,6.6,13.9,0.73,1,-1,-1
153,1,508.9,212.5,12.9,29.7,0.81,1,-1,-1
153,6,445.3,201.8,8.4,19.0,0.84,1,-1,-1
153,11,457.8,214.6,10.0,27.5,0.82,1,-1,-1
153,14,467.0,211.8,11.0,29.8,0.80,1,-1,-1
153,36,422.4,214.8,11.8,25.5,0.83,1,-1,-1
153,48,339.9,219.3,6.5,14.1,0.82,1,-1,-1
153,53,314.7,220.3,5.7,13.5,0.79,1,-1,-1
153,55,307.9,221.2,6.6,13.8,0.72,1,-1,-1
154,1,507.3,212.5,13.9,30.1,0.85,1,-1,-1
154,6,444.9,201.5,8.5,19.5,0.85,1,-1,-1
154,11,456.3,215.1,10.6,27.5,0.85,1,-1,-1
154,14,466.5,211.8,11.5,30.1,0.80,1,-1,-1
154,36,421.4,215.2,11.8,25.1,0.84,1,-1,-1
154,48,339.4,219.2,6.5,14.2,0.84,1,-1,-1
154,53,314.7,220.5,5.6,13.5,0.79,1,-1,-1
154,55,308.2,221.6,6.0,13.4,0.74,1,-1,-1
155,1,505.7,212.3,15.7,30.4,0.85,1,-1,-1
155,6,444.9,201.7,8.4,18.9,0.85,1,-1,-1
155,11,455.0,215.4,10.5,27.1,0.85,1,-1,-1
155,14,464.4,210.5,9.6,28.4,0.64,1,-1,-1
155,36,420.2,215.2,11.9,24.9,0.85,1,-1,-1
155,48,339.0,219.0,6.9,14.5,0.84,1,-1,-1
155,53,314.6,220.6,5.6,13.5,0.80,1,-1,-1
155,55,308.3,221.8,6.1,13.3,0.73,1,-1,-1
156,1,503.9,213.1,16.4,29.4,0.84,1,-1,-1
156,6,444.2,201.5,8.5,18.3,0.83,1,-1,-1
156,11,452.4,214.4,9.7,27.0,0.81,1,-1,-1
156,14,462.4,210.2,10.7,30.1,0.71,1,-1,-1
156,36,418.9,215.0,11.2,24.5,0.86,1,-1,-1
156,48,338.9,219.1,6.6,14.1,0.85,1,-1,-1
156,53,314.8,220.3,5.6,13.9,0.80,1,-1,-1
156,55,308.5,221.4,6.0,13.5,0.74,1,-1,-1
156,59,469.6,213.5,8.5,24.5,0.51,1,-1,-1
157,1,502.5,212.9,16.6,29.2,0.85,1,-1,-1
157,6,444.0,200.5,8.1,18.6,0.76,1,-1,-1
157,11,452.0,214.2,8.9,27.5,0.74,1,-1,-1
157,14,462.0,211.8,10.4,28.6,0.73,1,-1,-1
157,36,418.1,215.1,11.1,24.7,0.85,1,-1,-1
157,48,338.7,219.1,6.6,14.0,0.84,1,-1,-1
157,53,314.9,220.3,5.8,14.0,0.80,1,-1,-1
157,55,308.8,221.4,5.8,13.3,0.75,1,-1,-1
157,59,469.5,214.7,8.2,23.7,0.59,1,-1,-1
158,1,501.6,211.9,15.3,29.8,0.84,1,-1,-1
158,6,443.9,199.8,8.3,18.6,0.74,1,-1,-1
158,11,451.1,214.4,8.8,27.8,0.78,1,-1,-1
158,14,461.0,212.3,10.6,28.1,0.79,1,-1,-1
158,36,416.5,215.1,11.7,25.4,0.83,1,-1,-1
158,48,338.4,218.9,6.9,14.6,0.85,1,-1,-1
158,53,315.0,220.4,5.9,13.7,0.81,1,-1,-1
158,55,309.1,221.6,5.8,12.9,0.75,1,-1,-1
158,59,467.6,213.8,9.1,25.4,0.64,1,-1,-1
159,1,501.0,211.6,14.5,28.7,0.85,1,-1,-1
159,6,443.3,199.6,8.6,18.9,0.78,1,-1,-1
159,11,450.2,215.5,8.5,26.9,0.77,1,-1,-1
159,14,458.3,212.7,11.4,29.1,0.81,1,-1,-1
159,36,415.1,215.7,11.5,24.6,0.83,1,-1,-1
159,48,338.1,218.8,6.8,14.4,0.84,1,-1,-1
159,53,315.2,220.6,6.0,13.6,0.81,1,-1,-1
159,55,309.4,221.8,5.6,12.8,0.75,1,-1,-1
159,59,469.2,215.2,8.8,22.8,0.63,1,-1,-1
160,1,500.6,211.6,13.5,29.2,0.84,1,-1,-1
160,6,443.1,199.7,8.6,18.6,0.81,1,-1,-1
160,11,448.2,214.5,8.8,26.4,0.72,1,-1,-1
160,14,458.2,212.5,9.9,27.5,0.78,1,-1,-1
160,36,413.6,215.4,11.8,24.6,0.84,1,-1,-1
160,48,337.9,218.9,6.5,14.6,0.85,1,-1,-1
160,53,315.4,220.5,6.0,13.6,0.80,1,-1,-1
160,55,309.7,221.9,5.5,12.5,0.74,1,-1,-1
160,59,468.8,215.6,9.6,21.8,0.76,1,-1,-1
161,1,499.3,212.1,13.0,28.9,0.81,1,-1,-1
161,6,443.0,198.9,8.4,18.7,0.81,1,-1,-1
161,11,445.9,212.9,8.8,29.2,0.82,1,-1,-1
161,14,457.4,212.4,7.8,26.8,0.74,1,-1,-1
161,36,412.3,215.4,10.8,24.3,0.86,1,-1,-1
161,48,337.0,218.8,6.6,14.7,0.85,1,-1,-1
161,53,315.8,220.6,6.3,14.0,0.76,1,-1,-1
161,55,309.9,222.1,5.6,12.8,0.74,1,-1,-1
161,59,468.0,213.8,9.8,23.5,0.81,1,-1,-1
162,1,497.3,212.0,12.1,28.5,0.83,1,-1,-1
162,6,442.7,197.9,8.3,19.6,0.81,1,-1,-1
162,11,442.5,213.9,11.1,29.1,0.80,1,-1,-1
162,14,454.8,211.9,9.4,28.9,0.73,1,-1,-1
162,36,411.6,215.6,10.2,24.3,0.86,1,-1,-1
162,48,336.3,218.6,6.4,14.6,0.86,1,-1,-1
162,53,316.5,220.2,7.5,13.2,0.39,1,-1,-1
162,55,310.0,221.4,6.4,13.7,0.73,1,-1,-1
162,59,469.2,213.1,10.1,23.9,0.82,1,-1,-1
163,1,496.6,212.2,11.8,28.9,0.83,1,-1,-1
163,6,442.9,197.6,8.1,18.7,0.81,1,-1,-1
163,11,441.3,215.3,11.7,27.6,0.81,1,-1,-1
163,14,453.9,212.6,10.6,28.1,0.81,1,-1,-1
163,36,410.8,215.6,10.3,24.0,0.84,1,-1,-1
163,48,335.9,218.5,6.2,14.7,0.86,1,-1,-1
163,53,316.7,220.3,7.3,13.6,0.48,1,-1,-1
163,55,310.3,221.4,6.2,13.5,0.79,1,-1,-1
163,59,470.2,213.9,9.9,23.0,0.82,1,-1,-1
164,1,495.5,211.8,13.4,29.8,0.83,1,-1,-1
164,6,442.9,197.5,8.0,18.4,0.82,1,-1,-1
164,11,440.1,215.5,10.7,26.5,0.81,1,-1,-1
164,14,452.8,212.0,11.2,28.2,0.81,1,-1,-1
164,36,409.4,216.0,10.6,23.9,0.83,1,-1,-1
164,48,335.7,218.6,6.0,14.4,0.85,1,-1,-1
164,53,317.0,220.2,7.0,13.6,0.57,1,-1,-1
164,55,310.4,221.5,6.2,13.6,0.82,1,-1,-1
164,59,470.6,213.9,10.4,22.6,0.82,1,-1,-1
165,1,494.3,212.2,14.4,28.9,0.82,1,-1,-1
165,6,442.8,197.4,7.8,18.1,0.82,1,-1,-1
165,11,438.4,215.0,9.1,26.0,0.81,1,-1,-1
165,14,451.7,212.7,8.4,26.9,0.72,1,-1,-1
165,36,409.0,216.4,8.9,23.4,0.83,1,-1,-1
165,48,335.3,218.8,5.9,14.1,0.85,1,-1,-1
165,53,317.4,220.2,6.5,13.9,0.70,1,-1,-1
165,55,310.7,221.5,6.3,14.0,0.85,1,-1,-1
165,59,471.1,214.1,10.5,22.2,0.82,1,-1,-1
166,1,494.2,212.2,14.2,29.1,0.83,1,-1,-1
166,6,442.6,196.6,7.7,17.4,0.82,1,-1,-1
166,11,437.1,215.3,9.1,26.3,0.81,1,-1,-1
166,14,449.9,211.8,9.6,28.2,0.79,1,-1,-1
166,36,407.8,215.9,9.4,23.6,0.84,1,-1,-1
166,48,335.0,218.8,5.9,14.1,0.85,1,-1,-1
166,53,317.8,220.2,6.2,14.2,0.77,1,-1,-1
166,55,311.0,221.4,6.2,13.9,0.85,1,-1,-1
166,59,472.1,213.3,10.1,20.8,0.81,1,-1,-1
167,1,494.1,212.2,13.6,27.9,0.84,1,-1,-1
167,6,442.0,196.2,7.8,17.2,0.83,1,-1,-1
167,11,435.8,214.8,9.6,27.4,0.80,1,-1,-1
167,14,448.4,211.8,10.4,27.8,0.81,1,-1,-1
167,36,405.4,215.3,11.0,24.3,0.87,1,-1,-1
167,48,334.9,219.0,5.7,13.8,0.84,1,-1,-1
167,53,318.3,220.3,5.8,13.7,0.79,1,-1,-1
167,55,311.2,221.6,6.4,13.7,0.86,1,-1,-1
167,59,474.9,213.6,8.8,19.8,0.73,1,-1,-1
168,1,493.0,212.8,12.9,26.7,0.84,1,-1,-1
168,6,441.9,195.8,7.8,17.7,0.83,1,-1,-1
168,11,434.2,215.3,9.4,25.8,0.81,1,-1,-1
168,14,446.4,212.2,11.8,28.3,0.82,1,-1,-1
168,36,404.1,215.5,11.9,24.4,0.87,1,-1,-1
168,48,335.1,222.0,5.1,10.8,0.80,1,-1,-1
168,53,318.6,220.5,5.6,13.6,0.83,1,-1,-1
168,55,311.4,221.8,6.5,13.3,0.85,1,-1,-1
168,59,475.6,213.8,8.9,19.8,0.58,1,-1,-1
169,1,492.1,212.8,12.2,25.5,0.85,1,-1,-1
169,6,441.8,195.7,7.8,19.0,0.83,1,-1,-1
169,11,432.5,215.0,9.7,26.4,0.81,1,-1,-1
169,14,445.1,213.1,12.1,27.2,0.82,1,-1,-1
169,36,402.4,216.1,12.6,24.6,0.86,1,-1,-1
169,48,335.1,222.1,4.9,10.7,0.73,1,-1,-1
169,53,319.0,220.4,5.6,13.5,0.83,1,-1,-1
169,55,311.8,221.6,6.4,13.3,0.85,1,-1,-1
169,59,476.4,214.1,8.6,18.7,0.68,1,-1,-1
170,1,490.6,211.9,12.4,27.8,0.83,1,-1,-1
170,6,441.4,195.1,7.7,18.4,0.85,1,-1,-1
170,11,431.2,214.9,9.8,25.8,0.80,1,-1,-1
170,14,444.0,212.6,10.1,26.4,0.83,1,-1,-1
170,36,401.1,215.8,11.0,24.1,0.84,1,-1,-1
170,48,331.4,219.1,4.6,13.4,0.72,1,-1,-1
170,53,319.5,220.1,6.0,13.8,0.85,1,-1,-1
170,55,312.4,221.2,6.4,13.7,0.85,1,-1,-1
170,59,479.0,212.2,8.6,19.8,0.73,1,-1,-1
171,1,489.3,212.3,11.9,27.4,0.81,1,-1,-1
171,6,441.0,194.7,7.6,17.8,0.85,1,-1,-1
171,11,429.7,215.1,10.6,26.8,0.83,1,-1,-1
171,14,442.6,212.0,9.0,27.1,0.81,1,-1,-1
171,36,400.2,215.2,11.0,24.9,0.84,1,-1,-1
171,48,330.6,219.0,4.9,13.3,0.81,1,-1,-1
171,53,319.6,219.9,6.0,14.4,0.86,1,-1,-1
171,55,312.7,221.3,6.1,14.0,0.84,1,-1,-1
171,59,481.7,212.9,7.4,18.6,0.63,1,-1,-1
172,1,486.8,212.6,12.6,27.0,0.82,1,-1,-1
172,6,440.6,194.4,8.0,17.9,0.83,1,-1,-1
172,11,428.5,215.7,10.7,26.2,0.83,1,-1,-1
172,14,441.4,211.5,8.9,27.4,0.80,1,-1,-1
172,36,399.4,215.2,11.1,24.8,0.84,1,-1,-1
172,48,330.0,219.0,5.4,13.9,0.82,1,-1,-1
172,53,319.7,219.9,6.1,14.7,0.86,1,-1,-1
172,55,312.8,221.4,6.1,13.6,0.83,1,-1,-1
172,59,483.9,212.8,6.0,19.2,0.31,1,-1,-1
173,1,485.9,212.4,11.7,26.4,0.83,1,-1,-1
173,6,440.1,194.1,8.4,18.4,0.82,1,-1,-1
173,11,427.3,215.2,10.3,26.3,0.83,1,-1,-1
173,14,440.0,210.9,9.4,29.3,0.82,1,-1,-1
173,36,398.2,216.0,11.2,23.9,0.85,1,-1,-1
173,48,329.6,219.1,5.4,14.0,0.82,1,-1,-1
173,53,319.9,220.0,6.1,14.7,0.85,1,-1,-1
173,55,313.0,221.4,6.1,13.5,0.83,1,-1,-1
174,1,486.1,211.9,11.7,27.2,0.84,1,-1,-1
174,6,439.8,193.9,8.6,18.7,0.82,1,-1,-1
174,11,426.5,215.1,9.6,25.9,0.81,1,-1,-1
174,14,438.8,211.2,10.4,28.9,0.82,1,-1,-1
174,36,397.7,216.0,11.2,24.4,0.85,1,-1,-1
174,48,329.2,219.1,5.4,13.9,0.82,1,-1,-1
174,53,320.0,220.1,6.1,14.4,0.86,1,-1,-1
174,55,313.2,221.5,6.2,13.3,0.83,1,-1,-1
175,1,485.3,212.7,11.9,26.3,0.84,1,-1,-1
175,6,439.5,192.6,8.5,19.2,0.83,1,-1,-1
175,11,425.0,216.1,8.8,24.7,0.82,1,-1,-1
175,14,436.2,211.7,8.7,27.7,0.79,1,-1,-1
175,36,396.5,215.8,10.6,23.1,0.87,1,-1,-1
175,48,328.2,219.0,5.4,13.6,0.83,1,-1,-1
175,53,320.7,220.3,5.8,14.5,0.86,1,-1,-1
175,55,313.7,221.3,6.5,13.7,0.83,1,-1,-1
176,1,484.6,213.0,12.0,25.9,0.83,1,-1,-1
176,6,438.9,191.5,8.7,19.0,0.83,1,-1,-1
176,11,423.8,216.0,9.1,25.2,0.83,1,-1,-1
176,14,434.6,211.3,9.2,28.6,0.77,1,-1,-1
176,36,396.0,215.9,10.1,23.4,0.87,1,-1,-1
176,48,327.6,219.2,5.4,13.4,0.82,1,-1,-1
176,53,320.9,220.3,5.8,14.3,0.84,1,-1,-1
176,55,313.9,221.3,6.5,13.7,0.85,1,-1,-1
177,1,484.1,212.7,11.5,26.1,0.82,1,-1,-1
177,6,438.3,191.4,9.1,18.4,0.83,1,-1,-1
177,11,422.6,215.8,9.0,24.7,0.81,1,-1,-1
177,14,433.0,211.1,10.0,27.8,0.80,1,-1,-1
177,36,395.2,216.0,10.0,23.6,0.86,1,-1,-1
177,48,327.5,219.5,5.2,13.4,0.80,1,-1,-1
177,53,321.5,220.2,5.5,13.7,0.82,1,-1,-1
177,55,314.6,221.5,6.3,13.8,0.85,1,-1,-1
178,1,483.4,212.4,12.7,25.1,0.82,1,-1,-1
178,6,438.0,190.8,9.0,19.0,0.84,1,-1,-1
178,11,421.6,215.0,9.1,25.4,0.83,1,-1,-1
178,14,431.4,212.1,11.0,27.7,0.82,1,-1,-1
178,36,394.4,216.8,9.9,22.9,0.84,1,-1,-1
178,48,326.9,219.8,5.2,13.2,0.76,1,-1,-1
178,53,321.9,220.4,5.4,13.6,0.74,1,-1,-1
178,55,315.0,221.4,6.2,13.6,0.84,1,-1,-1
179,1,482.3,211.8,14.3,26.6,0.82,1,-1,-1
179,6,437.8,190.0,9.0,18.7,0.85,1,-1,-1
179,11,420.2,215.5,9.5,26.1,0.82,1,-1,-1
179,14,429.9,212.8,11.3,27.1,0.83,1,-1,-1
179,36,393.1,216.8,9.7,22.8,0.85,1,-1,-1
179,48,325.2,219.9,6.8,12.7,0.41,1,-1,-1
179,53,322.6,220.1,6.4,13.4,0.64,1,-1,-1
179,55,315.4,221.2,6.5,13.9,0.80,1,-1,-1
180,1,481.1,212.7,11.3,25.5,0.81,1,-1,-1
180,6,437.5,189.1,9.1,19.3,0.84,1,-1,-1
180,11,419.0,215.2,9.4,26.4,0.79,1,-1,-1
180,14,428.3,212.6,10.5,27.2,0.83,1,-1,-1
180,36,392.2,216.7,9.6,23.1,0.85,1,-1,-1
180,53,322.8,219.9,6.7,14.6,0.77,1,-1,-1
180,55,315.5,221.4,7.0,14.3,0.78,1,-1,-1
181,1,480.6,212.7,11.5,25.6,0.82,1,-1,-1
181,6,437.5,189.0,9.1,19.4,0.84,1,-1,-1
181,11,418.4,215.2,9.4,25.8,0.79,1,-1,-1
181,14,428.0,212.2,10.0,27.4,0.81,1,-1,-1
181,36,392.1,216.8,9.5,23.2,0.85,1,-1,-1
181,53,322.8,219.9,6.7,14.8,0.77,1,-1,-1
181,55,315.7,221.2,7.0,14.5,0.78,1,-1,-1
182,1,479.0,211.8,11.4,25.6,0.83,1,-1,-1
182,6,437.2,188.9,9.0,20.0,0.84,1,-1,-1
182,11,416.9,215.9,9.1,25.0,0.81,1,-1,-1
182,14,426.4,212.0,8.8,27.9,0.77,1,-1,-1
182,36,391.1,217.1,9.6,23.2,0.85,1,-1,-1
182,53,322.9,219.9,6.6,15.5,0.79,1,-1,-1
182,55,316.0,221.2,7.0,14.7,0.74,1,-1,-1
183,1,478.3,211.7,11.3,25.7,0.84,1,-1,-1
183,6,436.9,188.9,8.9,19.6,0.85,1,-1,-1
183,11,416.0,215.7,8.6,25.2,0.78,1,-1,-1
183,14,425.1,212.1,9.3,28.0,0.80,1,-1,-1
183,36,390.5,217.1,10.0,22.9,0.86,1,-1,-1
183,53,323.0,219.8,6.5,15.5,0.79,1,-1,-1
183,55,316.0,221.1,7.1,14.7,0.70,1,-1,-1
184,1,477.6,212.1,12.4,26.0,0.85,1,-1,-1
184,6,436.5,188.0,8.6,19.4,0.85,1,-1,-1
184,11,414.9,216.8,8.0,24.1,0.82,1,-1,-1
184,14,423.9,211.9,10.1,28.4,0.82,1,-1,-1
184,36,390.3,217.2,9.9,22.4,0.86,1,-1,-1
184,53,323.0,219.8,6.3,15.5,0.79,1,-1,-1
184,55,316.0,221.2,7.2,14.3,0.67,1,-1,-1
185,1,477.0,212.0,12.8,26.3,0.85,1,-1,-1
185,6,436.1,187.8,8.6,19.0,0.82,1,-1,-1
185,11,414.1,216.8,8.4,24.6,0.83,1,-1,-1
185,14,422.9,212.2,9.3,28.1,0.81,1,-1,-1
185,36,390.0,217.1,10.0,22.1,0.86,1,-1,-1
185,53,323.1,219.9,6.4,15.8,0.78,1,-1,-1
185,55,316.0,221.3,7.3,14.2,0.62,1,-1,-1
186,1,476.8,212.5,12.5,25.7,0.84,1,-1,-1
186,6,436.0,187.6,8.6,19.1,0.78,1,-1,-1
186,11,412.6,215.5,8.3,25.3,0.80,1,-1,-1
186,14,421.6,212.1,8.2,27.4,0.78,1,-1,-1
186,36,389.6,217.1,10.3,22.9,0.86,1,-1,-1
186,53,323.6,220.1,6.2,14.1,0.74,1,-1,-1
186,55,316.0,221.4,7.7,13.3,0.48,1,-1,-1
187,1,476.4,212.7,12.6,25.0,0.84,1,-1,-1
187,6,435.3,187.6,9.0,19.4,0.77,1,-1,-1
187,11,410.8,214.4,9.3,26.2,0.79,1,-1,-1
187,14,420.3,211.6,9.1,27.8,0.80,1,-1,-1
187,36,388.5,216.8,10.2,22.7,0.87,1,-1,-1
187,53,324.8,220.1,5.5,14.1,0.70,1,-1,-1
187,55,318.1,221.6,6.6,14.0,0.71,1,-1,-1
188,1,475.3,212.3,13.2,24.4,0.84,1,-1,-1
188,6,435.2,187.3,8.2,18.6,0.81,1,-1,-1
188,11,409.7,215.6,9.0,24.9,0.81,1,-1,-1
188,14,418.8,212.3,9.9,27.1,0.74,1,-1,-1
188,36,388.0,216.9,10.1,22.8,0.86,1,-1,-1
188,53,325.1,220.2,5.6,14.1,0.74,1,-1,-1
188,55,318.4,221.9,6.5,14.2,0.79,1,-1,-1
189,1,474.0,211.8,12.0,24.8,0.81,1,-1,-1
189,6,435.2,187.1,7.9,18.5,0.79,1,-1,-1
189,11,408.1,216.0,9.8,25.6,0.81,1,-1,-1
189,14,417.3,212.3,11.1,28.1,0.77,1,-1,-1
189,36,387.5,216.8,9.9,22.8,0.85,1,-1,-1
189,53,325.8,219.9,6.2,13.8,0.78,1,-1,-1
189,55,319.0,221.5,6.5,13.9,0.84,1,-1,-1
190,1,473.6,212.1,11.2,24.7,0.81,1,-1,-1
190,6,434.8,186.8,8.2,18.8,0.81,1,-1,-1
190,11,407.2,216.7,9.8,24.9,0.81,1,-1,-1
190,14,415.9,212.5,12.1,28.0,0.81,1,-1,-1
190,36,386.9,216.9,9.8,22.4,0.79,1,-1,-1
190,53,326.1,219.9,6.1,13.9,0.81,1,-1,-1
190,55,319.1,221.5,6.5,14.0,0.84,1,-1,-1
191,1,472.7,212.7,11.2,24.1,0.82,1,-1,-1
191,6,434.7,186.7,8.2,18.8,0.81,1,-1,-1
191,11,405.8,216.2,9.0,25.2,0.83,1,-1,-1
191,14,414.7,212.7,11.2,27.7,0.83,1,-1,-1
191,36,386.1,216.8,9.9,22.4,0.84,1,-1,-1
191,53,326.4,219.8,6.0,14.2,0.81,1,-1,-1
191,55,319.2,221.8,6.5,14.6,0.84,1,-1,-1
192,1,471.9,212.5,11.3,24.0,0.83,1,-1,-1
192,6,434.6,186.8,8.3,19.0,0.81,1,-1,-1
192,11,404.6,216.3,8.8,25.0,0.82,1,-1,-1
192,14,413.9,213.2,9.7,26.7,0.81,1,-1,-1
192,36,385.7,216.8,9.8,22.8,0.85,1,-1,-1
192,53,326.6,219.8,6.2,14.5,0.81,1,-1,-1
192,55,319.4,221.9,6.4,14.3,0.84,1,-1,-1
193,1,470.4,212.3,11.8,24.5,0.84,1,-1,-1
193,6,434.3,187.2,8.3,18.6,0.82,1,-1,-1
193,11,403.1,215.7,8.5,25.5,0.77,1,-1,-1
193,14,412.4,213.0,8.1,26.5,0.78,1,-1,-1
193,36,385.4,216.9,9.6,22.9,0.85,1,-1,-1
193,53,327.0,219.8,6.1,14.9,0.83,1,-1,-1
193,55,319.4,221.2,6.5,15.2,0.84,1,-1,-1
194,1,470.1,212.1,12.2,24.9,0.85,1,-1,-1
194,6,434.2,186.8,8.2,18.4,0.80,1,-1,-1
194,11,402.1,216.8,8.8,25.2,0.82,1,-1,-1
194,14,411.1,213.3,8.6,26.7,0.78,1,-1,-1
194,36,385.1,216.8,9.4,23.1,0.85,1,-1,-1
194,53,327.2,219.8,5.9,14.4,0.83,1,-1,-1
194,55,319.6,220.5,6.6,15.8,0.81,1,-1,-1
195,1,469.6,212.1,12.5,24.8,0.85,1,-1,-1
195,6,434.1,186.1,8.4,18.9,0.81,1,-1,-1
195,11,400.7,217.2,8.4,23.6,0.78,1,-1,-1
195,14,409.3,213.2,10.1,27.5,0.80,1,-1,-1
195,36,384.9,216.9,9.5,22.3,0.85,1,-1,-1
195,53,327.6,219.8,5.8,15.0,0.84,1,-1,-1
195,55,319.9,220.7,6.4,14.4,0.78,1,-1,-1
196,1,469.2,212.5,12.6,24.3,0.85,1,-1,-1
196,6,434.3,185.4,8.4,19.4,0.81,1,-1,-1
196,11,399.3,216.9,8.3,23.8,0.78,1,-1,-1
196,14,408.4,213.0,11.0,27.6,0.82,1,-1,-1
196,36,384.4,216.8,9.9,23.2,0.85,1,-1,-1
196,53,327.8,219.8,5.9,15.1,0.84,1,-1,-1
196,55,320.4,221.2,6.2,13.6,0.75,1,-1,-1
197,1,469.0,212.7,13.0,23.9,0.85,1,-1,-1
197,6,434.9,184.8,8.1,19.8,0.82,1,-1,-1
197,11,398.6,216.8,8.2,23.3,0.82,1,-1,-1
197,14,407.8,213.1,8.9,26.5,0.82,1,-1,-1
197,36,383.6,217.1,9.6,22.6,0.85,1,-1,-1
197,53,328.2,219.8,5.7,14.8,0.83,1,-1,-1
197,55,321.6,222.2,5.9,13.2,0.77,1,-1,-1
198,1,468.6,212.8,12.7,23.8,0.85,1,-1,-1
198,6,435.3,184.8,8.3,19.6,0.82,1,-1,-1
198,11,397.7,217.1,8.8,23.5,0.83,1,-1,-1
198,14,406.8,213.7,9.0,26.0,0.80,1,-1,-1
198,36,383.2,217.0,9.5,22.8,0.85,1,-1,-1
198,48,316.0,220.5,6.7,12.2,0.56,1,-1,-1
198,53,328.8,220.0,5.6,14.7,0.82,1,-1,-1
198,55,322.1,222.0,6.1,13.3,0.71,1,-1,-1
199,1,468.0,212.1,11.4,23.7,0.85,1,-1,-1
199,6,435.5,184.6,8.7,19.5,0.77,1,-1,-1
199,11,396.7,217.7,9.0,23.3,0.82,1,-1,-1
199,14,405.6,213.8,9.5,25.7,0.82,1,-1,-1
199,36,382.9,217.4,9.3,22.0,0.84,1,-1,-1
199,48,316.0,220.1,6.7,12.8,0.65,1,-1,-1
199,53,329.3,219.9,5.7,14.5,0.81,1,-1,-1
199,55,322.3,221.7,6.1,13.5,0.75,1,-1,-1
200,1,467.6,211.9,11.1,24.4,0.85,1,-1,-1
200,6,436.1,184.6,8.9,19.6,0.84,1,-1,-1
200,11,395.5,217.2,8.7,23.6,0.78,1,-1,-1
200,14,404.3,214.4,9.8,25.0,0.81,1,-1,-1
200,36,382.6,217.6,9.0,21.7,0.84,1,-1,-1
200,48,316.0,220.3,6.8,12.9,0.69,1,-1,-1
200,53,329.4,219.8,5.7,14.8,0.83,1,-1,-1
200,55,322.7,221.3,6.1,13.9,0.78,1,-1,-1
201,1,467.2,212.1,11.1,24.3,0.85,1,-1,-1
201,6,436.6,184.3,8.7,19.4,0.84,1,-1,-1
201,11,394.6,217.6,7.8,22.7,0.81,1,-1,-1
201,14,403.4,214.5,9.8,25.7,0.76,1,-1,-1
201,36,382.1,217.7,8.6,21.5,0.83,1,-1,-1
201,48,316.0,220.4,6.7,12.6,0.70,1,-1,-1
201,53,329.5,219.8,5.8,15.3,0.82,1,-1,-1
201,55,322.9,221.5,6.1,14.1,0.77,1,-1,-1
202,1,466.8,212.0,11.0,24.3,0.84,1,-1,-1
202,6,437.2,184.0,8.8,19.0,0.83,1,-1,-1
202,11,393.6,218.5,7.5,22.2,0.79,1,-1,-1
202,14,401.6,214.1,10.4,26.2,0.82,1,-1,-1
202,36,381.3,217.4,9.1,22.4,0.84,1,-1,-1
202,48,316.0,220.2,6.5,12.4,0.73,1,-1,-1
202,53,329.8,219.8,5.5,14.6,0.80,1,-1,-1
202,55,323.1,221.7,6.4,13.9,0.74,1,-1,-1
203,1,466.3,212.0,10.9,23.8,0.80,1,-1,-1
203,6,437.8,183.1,9.0,20.0,0.85,1,-1,-1
203,11,392.7,218.6,7.8,22.2,0.80,1,-1,-1
203,14,401.0,214.2,10.2,26.0,0.83,1,-1,-1
203,36,380.6,217.2,9.2,22.3,0.83,1,-1,-1
203,48,316.0,219.9,6.3,12.9,0.77,1,-1,-1
203,53,329.9,219.9,5.5,14.2,0.79,1,-1,-1
203,55,323.5,221.3,6.6,14.1,0.73,1,-1,-1
204,1,465.4,212.2,11.1,23.2,0.81,1,-1,-1
204,6,438.5,183.1,8.6,19.6,0.85,1,-1,-1
204,11,391.8,218.4,7.9,21.8,0.81,1,-1,-1
204,14,400.3,214.0,7.6,25.1,0.81,1,-1,-1
204,36,380.5,217.7,8.7,21.9,0.82,1,-1,-1
204,48,315.9,219.8,6.2,12.9,0.79,1,-1,-1
204,53,330.2,219.8,5.5,14.2,0.79,1,-1,-1
204,55,323.9,221.0,6.7,14.4,0.71,1,-1,-1
205,1,465.3,211.9,11.1,23.3,0.80,1,-1,-1
205,6,439.0,183.0,8.6,19.8,0.85,1,-1,-1
205,11,390.5,219.0,8.2,21.6,0.83,1,-1,-1
205,14,399.4,214.4,7.9,25.6,0.81,1,-1,-1
205,36,380.0,217.6,8.8,21.8,0.76,1,-1,-1
205,48,315.9,219.8,5.8,12.5,0.79,1,-1,-1
205,53,330.5,219.8,5.3,14.2,0.77,1,-1,-1
205,55,324.1,221.2,6.2,13.9,0.67,1,-1,-1
206,1,465.5,212.1,11.1,23.1,0.79,1,-1,-1
206,6,439.5,182.4,8.3,19.2,0.85,1,-1,-1
206,11,390.0,218.5,8.1,20.9,0.83,1,-1,-1
206,14,398.6,214.8,7.9,25.0,0.80,1,-1,-1
206,36,379.2,217.6,9.0,21.2,0.79,1,-1,-1
206,48,315.6,219.9,5.6,12.5,0.79,1,-1,-1
206,53,330.5,220.0,5.5,14.2,0.72,1,-1,-1
206,55,324.5,221.2,6.2,14.1,0.70,1,-1,-1
207,1,465.7,212.6,10.8,22.6,0.79,1,-1,-1
207,6,440.0,181.4,7.9,19.4,0.85,1,-1,-1
207,11,389.1,218.6,7.9,21.2,0.80,1,-1,-1
207,14,398.0,215.1,8.2,24.9,0.83,1,-1,-1
207,36,378.3,217.3,9.0,21.9,0.82,1,-1,-1
207,48,315.0,219.8,5.8,12.6,0.78,1,-1,-1
207,53,330.1,221.0,5.1,13.2,0.70,1,-1,-1
207,55,325.4,222.3,5.6,12.9,0.69,1,-1,-1
208,1,465.6,212.5,10.7,22.5,0.80,1,-1,-1
208,6,440.3,181.3,7.8,19.2,0.85,1,-1,-1
208,11,388.5,218.7,8.6,21.8,0.79,1,-1,-1
208,14,397.7,215.1,7.6,24.5,0.81,1,-1,-1
208,36,377.8,217.2,8.9,21.9,0.81,1,-1,-1
208,48,314.8,219.7,5.9,12.7,0.78,1,-1,-1
208,55,325.7,222.6,5.4,12.7,0.67,1,-1,-1
209,1,465.4,212.5,10.5,22.1,0.80,1,-1,-1
209,6,440.7,181.2,7.6,19.3,0.85,1,-1,-1
209,11,387.5,218.5,8.7,22.1,0.75,1,-1,-1
209,14,396.8,214.3,7.6,25.5,0.78,1,-1,-1
209,36,376.6,217.2,9.2,22.4,0.81,1,-1,-1
209,48,314.5,219.6,6.0,12.7,0.83,1,-1,-1
209,55,327.2,222.2,6.3,14.0,0.85,1,-1,-1
210,1,464.8,212.4,10.4,22.2,0.82,1,-1,-1
210,6,441.1,181.0,7.3,19.6,0.84,1,-1,-1
210,11,386.5,217.5,8.4,22.6,0.79,1,-1,-1
210,14,396.1,214.1,7.9,24.4,0.64,1,-1,-1
210,36,375.4,217.1,9.6,23.3,0.82,1,-1,-1
210,48,314.3,219.7,5.9,12.6,0.85,1,-1,-1
210,55,327.7,222.2,6.0,14.3,0.85,1,-1,-1
211,1,464.7,212.6,10.4,22.5,0.81,1,-1,-1
211,6,441.9,180.4,6.6,17.7,0.83,1,-1,-1
211,11,385.7,217.6,7.8,22.6,0.81,1,-1,-1
211,14,395.1,215.1,8.0,23.9,0.80,1,-1,-1
211,36,375.1,217.4,9.4,22.1,0.83,1,-1,-1
211,48,314.0,219.9,5.7,12.1,0.85,1,-1,-1
211,53,334.6,220.2,5.5,12.8,0.77,1,-1,-1
211,55,328.1,222.2,6.0,14.0,0.86,1,-1,-1
212,1,463.6,212.7,11.0,22.6,0.82,1,-1,-1
212,6,442.4,179.8,7.1,17.8,0.82,1,-1,-1
212,11,384.9,217.8,7.8,22.7,0.83,1,-1,-1
212,14,394.3,216.0,8.1,23.6,0.81,1,-1,-1
212,36,374.3,217.3,9.1,22.5,0.82,1,-1,-1
212,48,313.9,220.0,5.5,12.0,0.85,1,-1,-1
212,53,334.9,220.2,5.7,14.8,0.81,1,-1,-1
212,55,328.6,222.0,5.7,13.8,0.87,1,-1,-1
213,1,463.1,212.4,11.3,22.4,0.82,1,-1,-1
213,6,442.8,179.2,7.1,18.1,0.82,1,-1,-1
213,11,384.3,218.2,7.6,22.5,0.83,1,-1,-1
213,14,393.3,215.7,8.4,23.6,0.81,1,-1,-1
213,36,374.0,217.2,8.7,22.6,0.83,1,-1,-1
213,48,313.6,219.9,5.5,12.1,0.84,1,-1,-1
213,53,335.1,220.2,5.9,15.5,0.82,1,-1,-1
213,55,328.9,221.8,5.7,13.9,0.86,1,-1,-1
214,1,462.5,213.0,11.5,21.4,0.81,1,-1,-1
214,6,443.1,178.7,7.1,17.5,0.80,1,-1,-1
214,11,383.7,218.1,7.5,22.4,0.83,1,-1,-1
214,14,392.8,215.0,8.0,24.0,0.81,1,-1,-1
214,36,373.3,217.1,8.8,22.4,0.82,1,-1,-1
214,48,313.5,219.7,5.3,12.4,0.83,1,-1,-1
214,53,335.4,220.1,5.9,15.8,0.83,1,-1,-1
214,55,329.2,221.5,5.8,14.4,0.84,1,-1,-1
215,1,461.4,212.4,12.1,23.0,0.78,1,-1,-1
215,6,444.0,180.3,6.4,13.5,0.65,1,-1,-1
215,11,383.2,217.7,7.7,22.1,0.82,1,-1,-1
215,14,392.3,214.7,7.9,24.2,0.81,1,-1,-1
215,36,372.7,217.3,8.8,21.9,0.82,1,-1,-1
215,48,313.1,219.9,5.4,12.5,0.84,1,-1,-1
215,53,335.7,220.2,5.9,15.9,0.83,1,-1,-1
215,55,329.6,221.7,5.6,14.1,0.84,1,-1,-1
216,1,461.0,212.3,12.4,22.5,0.74,1,-1,-1
216,6,444.0,184.6,6.1,8.8,0.63,1,-1,-1
216,11,382.8,217.4,7.8,22.3,0.82,1,-1,-1
216,14,392.1,214.9,7.9,24.0,0.81,1,-1,-1
216,36,372.4,217.6,8.8,21.5,0.81,1,-1,-1
216,48,312.8,220.0,5.2,12.3,0.84,1,-1,-1
216,53,336.2,220.1,5.9,15.5,0.85,1,-1,-1
216,55,330.3,221.7,5.3,14.0,0.84,1,-1,-1
217,1,460.9,212.6,12.3,22.4,0.81,1,-1,-1
217,11,382.4,217.4,8.0,22.7,0.82,1,-1,-1
217,14,391.6,215.3,8.2,24.2,0.81,1,-1,-1
217,36,372.1,217.8,8.4,21.0,0.75,1,-1,-1
217,48,312.5,219.7,5.3,12.2,0.84,1,-1,-1
217,53,336.5,219.9,6.7,16.3,0.83,1,-1,-1
217,55,330.9,222.2,4.7,13.5,0.83,1,-1,-1
218,1,460.6,213.0,12.4,21.7,0.83,1,-1,-1
218,11,381.8,218.1,8.1,22.2,0.82,1,-1,-1
218,14,391.2,215.5,8.4,24.4,0.82,1,-1,-1
218,36,371.3,217.4,8.4,20.6,0.82,1,-1,-1
218,48,312.0,219.6,5.3,12.4,0.84,1,-1,-1
218,53,336.7,219.9,6.9,16.5,0.79,1,-1,-1
218,55,331.5,222.3,4.7,12.6,0.81,1,-1,-1
219,1,460.0,212.4,12.6,22.5,0.83,1,-1,-1
219,11,381.3,218.6,8.0,20.9,0.83,1,-1,-1
219,14,390.7,215.6,8.5,23.6,0.81,1,-1,-1
219,36,371.0,217.4,8.0,20.6,0.83,1,-1,-1
219,48,311.7,219.5,5.2,12.5,0.84,1,-1,-1
219,53,337.1,219.8,7.3,16.5,0.77,1,-1,-1
219,55,331.8,221.8,4.8,9.6,0.70,1,-1,-1
220,1,459.2,212.0,11.4,23.0,0.82,1,-1,-1
220,11,380.5,217.9,8.1,21.6,0.79,1,-1,-1
220,14,390.7,215.1,8.6,23.8,0.82,1,-1,-1
220,36,369.7,217.3,8.7,21.1,0.82,1,-1,-1
220,48,311.5,219.6,5.2,12.5,0.83,1,-1,-1
220,53,338.4,219.4,6.9,16.1,0.77,1,-1,-1
220,55,332.0,220.5,6.1,11.4,0.65,1,-1,-1
221,1,457.9,211.8,11.0,23.2,0.80,1,-1,-1
221,11,380.2,217.6,7.8,22.0,0.70,1,-1,-1
221,14,390.3,215.0,8.5,23.6,0.82,1,-1,-1
221,36,368.9,217.5,9.1,20.9,0.82,1,-1,-1
221,48,311.3,219.9,4.9,12.0,0.83,1,-1,-1
221,53,338.8,219.4,6.7,16.5,0.78,1,-1,-1
221,55,332.0,220.4,6.8,12.9,0.59,1,-1,-1
222,1,457.0,211.9,11.2,23.5,0.81,1,-1,-1
222,11,379.3,218.4,7.7,21.7,0.79,1,-1,-1
222,14,389.8,215.8,8.0,23.0,0.81,1,-1,-1
222,36,367.7,217.4,9.3,21.3,0.82,1,-1,-1
222,48,311.1,220.0,5.0,11.8,0.82,1,-1,-1
222,53,339.9,219.7,5.9,15.9,0.76,1,-1,-1
222,55,332.0,220.2,8.4,14.8,0.15,1,-1,-1
223,1,455.4,212.2,11.4,23.0,0.83,1,-1,-1
223,11,378.6,218.0,7.4,21.9,0.82,1,-1,-1
223,14,388.7,215.6,8.1,23.0,0.82,1,-1,-1
223,36,366.5,217.3,8.6,21.0,0.83,1,-1,-1
223,48,310.5,219.9,5.5,11.9,0.79,1,-1,-1
223,53,340.8,220.4,6.1,16.6,0.78,1,-1,-1
223,55,335.1,220.4,5.9,16.5,0.80,1,-1,-1
224,1,454.8,212.2,11.0,22.9,0.84,1,-1,-1
224,11,377.9,218.1,7.5,21.0,0.80,1,-1,-1
224,14,388.3,215.2,8.0,23.2,0.80,1,-1,-1
224,36,366.2,217.3,8.3,21.0,0.83,1,-1,-1
224,48,310.3,220.4,5.7,11.7,0.75,1,-1,-1
224,53,341.3,221.0,6.1,15.8,0.73,1,-1,-1
224,55,335.6,220.9,6.0,16.0,0.84,1,-1,-1
225,1,453.9,212.8,11.0,21.9,0.84,1,-1,-1
225,11,377.6,217.7,7.6,21.7,0.78,1,-1,-1
225,14,387.6,215.0,7.7,23.2,0.76,1,-1,-1
225,36,365.6,217.6,7.9,20.0,0.83,1,-1,-1
225,48,309.9,220.7,6.1,10.9,0.51,1,-1,-1
225,53,342.1,219.9,6.2,15.3,0.77,1,-1,-1
225,55,335.8,220.8,6.5,15.6,0.84,1,-1,-1
226,1,453.3,212.4,11.0,22.1,0.84,1,-1,-1
226,11,377.3,217.6,7.7,21.8,0.78,1,-1,-1
226,14,387.7,214.8,7.6,23.4,0.78,1,-1,-1
226,36,365.2,217.7,7.6,19.5,0.83,1,-1,-1
226,48,309.6,220.8,6.4,11.0,0.35,1,-1,-1
226,53,342.3,219.6,6.4,15.8,0.77,1,-1,-1
226,55,336.0,220.9,6.5,15.4,0.84,1,-1,-1
227,1,452.8,212.2,11.0,22.4,0.84,1,-1,-1
227,11,376.5,217.8,8.4,22.3,0.79,1,-1,-1
227,14,387.4,215.2,7.6,23.6,0.81,1,-1,-1
227,36,364.3,217.8,7.8,20.4,0.75,1,-1,-1
227,48,308.0,220.2,5.7,11.8,0.60,1,-1,-1
227,53,342.6,220.0,6.6,17.0,0.77,1,-1,-1
227,55,337.1,220.9,6.3,16.0,0.81,1,-1,-1
228,1,452.3,212.9,10.4,21.5,0.84,1,-1,-1
228,11,375.5,218.2,8.4,21.7,0.81,1,-1,-1
228,14,386.9,215.3,7.9,23.7,0.81,1,-1,-1
228,36,363.5,217.7,7.8,19.6,0.81,1,-1,-1
228,48,308.0,220.1,5.5,12.1,0.69,1,-1,-1
228,53,343.4,219.9,6.5,17.0,0.75,1,-1,-1
228,55,337.7,220.2,6.6,16.1,0.79,1,-1,-1
229,1,452.1,212.8,9.6,21.5,0.84,1,-1,-1
229,11,374.7,218.1,8.5,21.8,0.82,1,-1,-1
229,14,386.5,214.9,7.8,23.7,0.80,1,-1,-1
229,36,363.1,217.9,7.9,19.7,0.82,1,-1,-1
229,48,308.0,220.2,5.1,12.2,0.73,1,-1,-1
229,53,343.7,219.9,6.6,17.4,0.75,1,-1,-1
229,55,338.2,220.1,6.5,16.2,0.81,1,-1,-1
230,1,451.4,212.6,9.2,20.7,0.72,1,-1,-1
230,11,374.2,217.8,8.0,22.0,0.81,1,-1,-1
230,14,386.0,214.6,7.6,23.5,0.81,1,-1,-1
230,36,362.3,218.3,7.6,19.6,0.81,1,-1,-1
230,48,307.9,220.2,4.8,11.8,0.78,1,-1,-1
230,53,344.4,219.5,6.5,17.7,0.71,1,-1,-1
230,55,338.7,220.6,6.6,16.6,0.83,1,-1,-1
230,64,457.6,174.0,5.3,17.1,0.74,1,-1,-1
231,11,373.9,217.8,8.0,22.0,0.82,1,-1,-1
231,14,385.7,215.0,7.7,23.6,0.81,1,-1,-1
231,36,361.8,218.5,7.3,19.0,0.82,1,-1,-1
231,48,307.9,220.3,4.7,11.9,0.79,1,-1,-1
231,53,344.6,219.9,6.6,17.4,0.74,1,-1,-1
231,55,339.0,220.6,6.4,15.9,0.83,1,-1,-1
232,11,373.7,218.0,7.8,21.7,0.82,1,-1,-1
232,14,385.1,215.9,7.8,22.7,0.79,1,-1,-1
232,36,361.4,218.2,7.2,19.1,0.82,1,-1,-1
232,48,307.7,220.3,4.7,12.0,0.82,1,-1,-1
232,53,344.9,219.4,6.8,17.9,0.73,1,-1,-1
232,55,339.1,220.6,6.6,16.3,0.82,1,-1,-1
233,11,373.1,217.5,8.2,22.0,0.83,1,-1,-1
233,14,384.1,216.0,7.8,22.1,0.81,1,-1,-1
233,36,361.1,218.0,7.2,20.1,0.81,1,-1,-1
233,48,307.6,220.3,4.6,12.1,0.82,1,-1,-1
233,53,345.3,219.8,7.1,18.1,0.73,1,-1,-1
233,55,339.4,220.7,6.6,16.2,0.80,1,-1,-1
234,11,373.0,217.4,8.1,22.1,0.83,1,-1,-1
234,14,383.9,215.6,7.9,22.5,0.83,1,-1,-1
234,36,361.2,218.0,7.2,19.9,0.81,1,-1,-1
234,48,307.5,220.3,4.5,12.1,0.83,1,-1,-1
234,53,345.9,219.8,6.9,17.5,0.74,1,-1,-1
234,55,339.8,220.6,6.6,16.0,0.79,1,-1,-1
235,11,372.7,217.6,8.1,22.3,0.82,1,-1,-1
235,14,383.2,215.3,6.3,23.0,0.76,1,-1,-1
235,36,361.3,218.4,7.0,19.1,0.82,1,-1,-1
235,48,307.1,220.4,4.6,11.8,0.83,1,-1,-1
235,53,346.6,220.0,6.7,17.1,0.74,1,-1,-1
235,55,339.9,220.8,6.9,16.4,0.77,1,-1,-1
236,11,372.8,217.6,7.3,21.5,0.76,1,-1,-1
236,36,361.7,218.7,6.4,18.0,0.77,1,-1,-1
236,48,306.8,220.3,5.0,12.1,0.81,1,-1,-1
236,53,347.0,220.0,6.6,16.4,0.72,1,-1,-1
236,55,340.5,221.1,6.4,16.5,0.74,1,-1,-1
237,36,361.9,218.2,6.2,17.8,0.81,1,-1,-1
237,48,306.5,220.2,5.3,12.1,0.79,1,-1,-1
237,53,347.3,219.8,6.6,16.2,0.70,1,-1,-1
237,55,340.9,221.4,6.4,16.2,0.75,1,-1,-1
238,48,306.3,220.3,5.3,11.8,0.79,1,-1,-1
238,53,347.9,219.8,6.4,16.5,0.62,1,-1,-1
238,55,341.3,221.9,6.5,15.5,0.70,1,-1,-1
239,48,306.2,220.4,5.2,11.5,0.81,1,-1,-1
239,53,347.9,219.3,6.5,16.2,0.55,1,-1,-1
239,55,341.9,221.6,6.6,15.8,0.68,1,-1,-1
240,48,305.6,220.4,5.5,11.8,0.82,1,-1,-1
240,55,341.9,220.9,6.9,15.9,0.83,1,-1,-1
241,48,305.4,220.6,5.3,11.4,0.83,1,-1,-1
242,1,446.6,212.4,9.1,19.6,0.82,1,-1,-1
242,48,305.3,220.9,5.2,11.3,0.84,1,-1,-1
243,1,446.6,212.1,9.0,20.4,0.83,1,-1,-1
243,48,304.9,220.8,5.1,11.4,0.84,1,-1,-1
244,1,446.4,211.9,9.0,20.2,0.83,1,-1,-1
244,48,304.6,220.7,5.1,11.3,0.83,1,-1,-1
245,1,446.2,210.9,8.4,19.9,0.82,1,-1,-1
245,48,304.2,220.4,5.0,11.8,0.84,1,-1,-1
246,1,445.8,211.0,8.3,20.0,0.83,1,-1,-1
246,48,303.9,220.2,5.1,11.9,0.84,1,-1,-1
247,1,445.6,210.8,8.4,20.3,0.83,1,-1,-1
247,48,303.8,220.6,5.1,11.4,0.82,1,-1,-1
248,1,445.5,210.7,8.5,20.5,0.83,1,-1,-1
248,48,303.5,220.2,5.0,11.6,0.83,1,-1,-1
249,1,445.4,210.3,8.5,20.6,0.83,1,-1,-1
249,48,303.2,220.0,4.9,11.4,0.83,1,-1,-1
250,1,445.4,209.7,8.5,19.4,0.84,1,-1,-1
250,14,376.6,215.2,7.0,22.3,0.64,1,-1,-1
251,1,445.1,209.4,8.5,18.3,0.83,1,-1,-1
251,14,376.1,215.0,6.9,21.0,0.83,1,-1,-1
252,1,444.7,209.7,8.9,19.7,0.85,1,-1,-1
252,11,365.8,217.4,6.3,20.1,0.80,1,-1,-1
252,14,375.6,215.6,7.0,21.1,0.84,1,-1,-1
253,1,444.3,209.7,9.0,19.6,0.85,1,-1,-1
253,11,365.2,217.4,6.8,21.0,0.80,1,-1,-1
253,14,374.8,215.7,7.7,21.2,0.83,1,-1,-1
254,1,443.8,209.7,8.9,19.5,0.83,1,-1,-1
254,11,364.7,217.7,7.3,20.4,0.74,1,-1,-1
254,14,374.2,215.6,8.1,21.8,0.85,1,-1,-1
254,36,356.4,217.8,5.8,19.4,0.71,1,-1,-1
255,1,443.4,208.7,8.6,19.0,0.77,1,-1,-1
255,11,363.9,218.4,7.0,19.4,0.76,1,-1,-1
255,14,373.5,214.9,8.3,22.1,0.84,1,-1,-1
255,53,356.6,218.4,5.3,17.9,0.65,1,-1,-1
256,1,443.0,206.7,8.3,20.3,0.81,1,-1,-1
256,11,363.5,216.7,6.6,21.5,0.70,1,-1,-1
256,14,372.6,214.8,7.5,22.2,0.78,1,-1,-1
256,53,356.4,220.5,5.3,17.1,0.65,1,-1,-1
256,55,351.1,220.7,5.5,17.9,0.56,1,-1,-1
257,1,442.5,205.6,8.2,21.4,0.82,1,-1,-1
257,11,363.4,216.8,6.8,21.5,0.73,1,-1,-1
257,14,371.7,215.3,7.1,21.7,0.74,1,-1,-1
257,53,356.0,221.2,5.5,16.7,0.62,1,-1,-1
257,55,351.5,221.3,5.7,17.7,0.61,1,-1,-1
258,1,442.4,205.6,8.1,21.3,0.83,1,-1,-1
258,11,363.2,216.9,6.8,21.5,0.71,1,-1,-1
258,14,371.8,215.7,7.0,20.9,0.78,1,-1,-1
258,53,356.1,221.2,5.5,16.6,0.61,1,-1,-1
258,55,351.9,221.6,5.4,17.0,0.63,1,-1,-1
259,1,441.9,204.9,8.4,22.1,0.82,1,-1,-1
259,11,363.2,216.9,6.7,21.7,0.71,1,-1,-1
259,14,371.1,215.7,7.3,21.3,0.80,1,-1,-1
259,53,355.7,221.1,6.0,17.4,0.65,1,-1,-1
259,55,352.3,221.3,5.0,17.1,0.56,1,-1,-1
260,1,441.5,204.7,8.5,21.8,0.82,1,-1,-1
260,11,363.2,217.3,6.5,20.9,0.67,1,-1,-1
260,14,370.6,215.8,7.1,20.5,0.80,1,-1,-1
260,53,355.6,221.5,6.3,16.8,0.64,1,-1,-1
260,55,352.9,221.6,4.9,16.0,0.64,1,-1,-1
261,1,441.3,204.4,8.3,19.5,0.82,1,-1,-1
261,11,363.4,218.4,6.0,19.7,0.60,1,-1,-1
261,14,369.6,215.5,7.5,21.3,0.80,1,-1,-1
261,53,355.9,220.9,6.6,17.6,0.70,1,-1,-1
261,55,352.9,220.1,4.6,17.4,0.62,1,-1,-1
262,1,441.1,204.2,8.6,20.8,0.82,1,-1,-1
262,14,369.3,215.4,7.6,21.6,0.79,1,-1,-1
262,53,356.5,221.1,6.9,17.7,0.72,1,-1,-1
262,55,352.6,218.9,4.8,18.4,0.61,1,-1,-1
263,1,440.0,203.4,9.2,21.3,0.84,1,-1,-1
263,14,368.6,215.9,6.9,20.4,0.77,1,-1,-1
263,36,351.8,218.6,5.3,17.8,0.69,1,-1,-1
263,53,357.4,221.5,6.3,17.1,0.72,1,-1,-1
263,55,353.7,219.1,5.7,17.8,0.28,1,-1,-1
264,1,439.4,202.8,9.2,20.9,0.83,1,-1,-1
264,14,367.6,215.7,6.9,21.1,0.75,1,-1,-1
264,36,351.2,218.8,5.7,16.9,0.78,1,-1,-1
264,53,357.8,221.2,7.1,17.5,0.72,1,-1,-1
265,1,439.3,202.0,8.8,19.8,0.84,1,-1,-1
265,14,366.6,215.7,6.9,21.3,0.77,1,-1,-1
265,36,350.7,218.6,5.9,17.1,0.82,1,-1,-1
265,53,357.9,221.0,7.9,17.3,0.77,1,-1,-1
266,1,439.1,201.7,8.3,20.4,0.82,1,-1,-1
266,14,366.3,215.6,6.7,20.9,0.79,1,-1,-1
266,36,349.4,218.8,6.6,16.8,0.74,1,-1,-1
266,53,357.9,220.8,7.9,17.8,0.82,1,-1,-1
267,1,438.9,201.1,8.3,20.9,0.81,1,-1,-1
267,14,366.0,218.3,6.2,19.6,0.71,1,-1,-1
267,36,348.0,218.6,7.4,16.5,0.70,1,-1,-1
267,53,358.5,221.1,7.3,17.1,0.79,1,-1,-1
268,1,438.7,201.0,8.2,21.0,0.79,1,-1,-1
268,14,365.3,219.6,6.7,18.8,0.47,1,-1,-1
268,36,347.8,218.2,7.0,17.0,0.76,1,-1,-1
268,53,358.6,220.8,6.8,17.8,0.65,1,-1,-1
269,1,438.6,200.7,8.3,21.3,0.80,1,-1,-1
269,14,364.8,219.5,7.2,15.6,0.36,1,-1,-1
269,36,347.5,218.4,6.2,13.4,0.62,1,-1,-1
270,1,438.5,200.4,8.4,20.6,0.82,1,-1,-1
270,14,365.2,219.3,6.8,13.7,0.41,1,-1,-1
271,1,438.1,200.1,8.2,18.7,0.82,1,-1,-1
272,1,437.8,199.8,8.9,21.1,0.82,1,-1,-1
273,1,436.9,199.7,9.4,21.2,0.83,1,-1,-1
274,1,436.8,199.8,8.9,20.3,0.85,1,-1,-1
274,69,369.5,217.6,5.3,8.3,0.71,1,-1,-1
275,1,436.8,198.5,8.6,21.4,0.84,1,-1,-1
276,1,436.5,197.8,8.7,21.1,0.83,1,-1,-1
277,1,435.9,197.6,8.5,20.5,0.74,1,-1,-1
278,1,435.4,197.3,9.1,20.8,0.75,1,-1,-1
278,36,341.7,218.8,5.7,15.3,0.71,1,-1,-1
279,1,435.3,197.3,8.9,20.7,0.74,1,-1,-1
279,36,341.2,218.7,6.0,16.2,0.73,1,-1,-1
280,1,435.1,197.4,9.0,20.6,0.74,1,-1,-1
280,11,353.2,218.7,6.5,18.3,0.74,1,-1,-1
280,36,340.0,219.1,7.0,16.6,0.72,1,-1,-1
281,1,435.3,196.7,8.3,19.4,0.80,1,-1,-1
281,11,352.5,218.7,5.5,17.8,0.73,1,-1,-1
281,36,339.9,219.3,6.6,16.3,0.79,1,-1,-1
281,53,363.4,219.9,7.6,19.7,0.77,1,-1,-1
281,79,373.1,217.7,7.3,19.3,0.83,1,-1,-1
282,1,435.4,196.0,8.4,20.3,0.79,1,-1,-1
282,11,351.9,218.4,5.6,18.5,0.78,1,-1,-1
282,14,356.5,216.5,6.2,21.0,0.60,1,-1,-1
282,36,339.5,219.4,6.6,16.9,0.81,1,-1,-1
282,53,363.8,220.1,7.8,20.0,0.77,1,-1,-1
282,79,373.8,217.7,7.7,20.6,0.84,1,-1,-1
283,1,435.0,195.7,8.6,19.4,0.81,1,-1,-1
283,11,351.4,217.8,5.8,19.5,0.76,1,-1,-1
283,14,356.1,216.0,6.6,22.0,0.71,1,-1,-1
283,36,339.1,219.3,6.3,16.5,0.82,1,-1,-1
283,53,364.2,219.9,8.1,20.3,0.77,1,-1,-1
283,79,374.6,217.7,7.4,20.2,0.84,1,-1,-1
284,1,434.6,195.9,8.6,21.4,0.81,1,-1,-1
284,11,350.9,217.8,5.9,19.3,0.70,1,-1,-1
284,14,355.7,216.1,6.8,22.1,0.71,1,-1,-1
284,36,338.6,219.2,6.1,16.5,0.82,1,-1,-1
284,53,364.3,219.6,8.2,20.8,0.82,1,-1,-1
284,79,375.1,217.7,7.4,21.3,0.84,1,-1,-1
285,1,434.0,195.6,8.8,20.6,0.82,1,-1,-1
285,11,348.0,217.7,8.1,19.0,0.39,1,-1,-1
285,14,355.2,216.5,7.0,21.0,0.70,1,-1,-1
285,36,338.3,219.0,5.9,16.8,0.80,1,-1,-1
285,53,364.6,219.4,8.4,20.9,0.84,1,-1,-1
285,79,375.5,217.8,7.4,21.7,0.83,1,-1,-1
286,1,433.0,194.4,8.9,20.9,0.83,1,-1,-1
286,11,348.0,218.2,7.7,18.6,0.60,1,-1,-1
286,14,355.3,216.5,6.7,20.8,0.73,1,-1,-1
286,36,338.1,219.2,5.8,16.6,0.78,1,-1,-1
286,53,364.9,219.5,8.5,21.1,0.84,1,-1,-1
286,79,375.8,217.8,7.3,21.5,0.83,1,-1,-1
287,1,432.5,193.9,8.5,20.6,0.84,1,-1,-1
287,11,348.0,218.4,7.1,18.7,0.66,1,-1,-1
287,14,354.6,216.6,7.0,21.2,0.74,1,-1,-1
287,36,337.6,219.2,6.0,15.9,0.79,1,-1,-1
287,53,365.1,219.8,8.6,20.6,0.84,1,-1,-1
287,79,376.0,217.7,7.5,22.2,0.83,1,-1,-1
288,1,432.1,193.2,8.5,21.1,0.84,1,-1,-1
288,11,348.0,218.5,6.6,18.4,0.71,1,-1,-1
288,14,353.7,216.4,7.2,20.9,0.76,1,-1,-1
288,36,337.1,219.1,6.2,16.8,0.79,1,-1,-1
288,53,365.1,219.8,8.7,21.0,0.84,1,-1,-1
288,79,376.3,217.7,7.5,22.1,0.83,1,-1,-1
289,1,431.8,193.1,8.8,21.4,0.84,1,-1,-1
289,11,348.0,218.2,6.3,18.5,0.74,1,-1,-1
289,14,353.3,216.3,7.2,21.0,0.75,1,-1,-1
289,36,336.9,218.9,6.4,16.9,0.80,1,-1,-1
289,53,365.8,219.8,8.5,21.0,0.84,1,-1,-1
289,79,376.9,218.1,7.6,21.9,0.84,1,-1,-1
290,1,431.3,193.2,9.0,21.2,0.84,1,-1,-1
290,11,347.7,217.9,5.9,17.8,0.79,1,-1,-1
290,14,352.8,216.4,6.3,19.7,0.77,1,-1,-1
290,36,336.3,219.0,6.5,16.8,0.82,1,-1,-1
290,53,366.5,220.3,8.4,20.7,0.85,1,-1,-1
290,79,377.6,218.6,7.4,21.0,0.83,1,-1,-1
291,1,430.9,192.7,9.1,21.2,0.84,1,-1,-1
291,11,346.8,218.1,6.4,17.8,0.74,1,-1,-1
291,14,352.6,216.6,6.2,19.9,0.75,1,-1,-1
291,36,335.7,219.2,6.1,15.6,0.81,1,-1,-1
291,53,367.0,220.6,8.5,20.2,0.85,1,-1,-1
291,79,378.2,218.1,7.6,21.5,0.82,1,-1,-1
292,1,430.8,191.9,8.6,20.9,0.85,1,-1,-1
292,11,346.2,218.0,6.6,18.6,0.71,1,-1,-1
292,14,352.1,216.8,6.2,20.1,0.71,1,-1,-1
292,36,335.3,219.2,6.1,14.0,0.77,1,-1,-1
292,53,367.6,220.6,8.4,20.4,0.83,1,-1,-1
292,79,378.8,217.5,7.5,21.5,0.82,1,-1,-1
293,1,430.4,191.6,8.6,21.3,0.85,1,-1,-1
293,11,346.0,218.3,6.1,16.0,0.61,1,-1,-1
293,14,351.5,216.5,5.9,18.3,0.66,1,-1,-1
293,53,367.8,220.2,8.6,21.0,0.82,1,-1,-1
293,79,379.1,217.6,7.5,21.6,0.81,1,-1,-1
294,1,430.0,191.6,8.8,21.3,0.85,1,-1,-1
294,53,368.1,219.9,8.9,19.7,0.77,1,-1,-1
294,79,379.4,217.8,7.5,22.3,0.77,1,-1,-1
295,1,429.6,191.7,8.6,21.2,0.84,1,-1,-1
295,53,369.6,220.8,7.3,12.8,0.50,1,-1,-1
295,79,379.6,218.0,7.1,16.5,0.72,1,-1,-1
296,1,429.1,191.6,8.3,21.0,0.84,1,-1,-1
296,79,379.9,217.4,6.9,9.8,0.72,1,-1,-1
297,1,428.9,190.8,8.1,21.0,0.85,1,-1,-1
298,1,428.1,189.9,8.6,21.9,0.81,1,-1,-1
299,1,428.1,189.6,8.6,21.0,0.78,1,-1,-1
299,11,343.6,218.2,6.5,16.3,0.76,1,-1,-1
300,1,427.9,189.6,8.9,21.5,0.76,1,-1,-1
300,11,343.3,218.0,5.8,17.6,0.79,1,-1,-1
300,14,348.3,217.3,7.7,17.9,0.55,1,-1,-1
300,36,331.7,219.5,4.7,14.6,0.65,1,-1,-1
300,53,370.3,220.6,7.9,11.5,0.77,1,-1,-1
