1,1,238.8,207.2,56.0,178.5,0.92,1,-1,-1
1,2,105.8,224.0,17.2,39.4,0.87,1,-1,-1
1,3,328.8,229.6,13.1,33.9,0.86,1,-1,-1
1,4,19.4,219.4,15.4,50.3,0.84,1,-1,-1
1,5,33.6,220.1,14.0,45.9,0.83,1,-1,-1
1,6,82.5,226.9,7.0,16.9,0.79,1,-1,-1
2,1,234.7,208.8,55.7,177.0,0.91,1,-1,-1
2,2,105.8,224.0,17.3,39.5,0.87,1,-1,-1
2,3,329.5,229.8,13.1,33.8,0.86,1,-1,-1
2,4,20.4,219.3,14.7,50.2,0.83,1,-1,-1
2,5,33.5,220.0,14.2,46.5,0.84,1,-1,-1
2,6,83.6,227.3,7.0,17.0,0.82,1,-1,-1
2,8,278.0,224.0,12.6,28.4,0.53,1,-1,-1
3,1,232.0,210.5,53.1,171.3,0.90,1,-1,-1
3,2,105.8,223.9,17.2,39.6,0.88,1,-1,-1
3,3,330.4,230.4,13.5,32.8,0.85,1,-1,-1
3,4,20.6,219.0,14.8,51.7,0.82,1,-1,-1
3,5,33.0,220.1,14.7,47.0,0.82,1,-1,-1
3,6,84.5,228.0,7.2,17.2,0.76,1,-1,-1
3,8,276.9,223.5,14.4,32.6,0.82,1,-1,-1
4,1,227.6,212.1,53.5,168.0,0.92,1,-1,-1
4,2,105.8,223.8,17.4,39.7,0.87,1,-1,-1
4,3,331.2,230.8,14.0,32.6,0.85,1,-1,-1
4,4,20.4,218.8,15.5,52.6,0.81,1,-1,-1
4,5,32.7,220.5,15.5,47.6,0.81,1,-1,-1
4,6,85.6,227.5,7.5,18.1,0.86,1,-1,-1
4,8,276.9,223.7,14.0,33.1,0.86,1,-1,-1
5,1,224.1,212.9,51.8,167.2,0.92,1,-1,-1
5,2,105.8,223.9,17.3,39.5,0.87,1,-1,-1
5,3,332.2,230.6,14.1,32.5,0.86,1,-1,-1
5,4,20.8,219.7,15.1,52.7,0.80,1,-1,-1
5,5,32.5,220.8,15.7,48.7,0.81,1,-1,-1
5,6,86.8,227.4,7.2,18.5,0.85,1,-1,-1
5,8,276.9,223.9,13.8,33.3,0.87,1,-1,-1
6,1,220.4,212.4,50.6,158.2,0.91,1,-1,-1
6,2,106.0,224.1,17.2,39.3,0.87,1,-1,-1
6,3,334.8,230.5,12.9,32.9,0.83,1,-1,-1
6,4,20.6,220.0,15.2,52.6,0.82,1,-1,-1
6,5,33.2,220.8,15.5,48.3,0.83,1,-1,-1
6,6,88.1,227.7,7.1,17.7,0.84,1,-1,-1
6,8,277.3,224.5,13.7,32.9,0.86,1,-1,-1
7,1,217.2,211.7,50.5,155.9,0.91,1,-1,-1
7,2,106.2,224.3,17.1,39.2,0.88,1,-1,-1
7,3,336.9,230.6,12.1,32.8,0.83,1,-1,-1
7,4,20.1,219.7,15.5,53.4,0.83,1,-1,-1
7,5,33.3,220.4,15.3,47.8,0.85,1,-1,-1
7,6,88.6,227.3,7.4,18.4,0.78,1,-1,-1
7,8,277.7,224.7,13.9,32.8,0.84,1,-1,-1
8,1,212.9,209.3,49.6,156.5,0.93,1,-1,-1
8,2,106.5,224.4,17.0,39.2,0.88,1,-1,-1
8,3,338.4,231.2,12.9,32.3,0.85,1,-1,-1
8,4,19.8,218.9,16.4,54.0,0.84,1,-1,-1
8,5,34.2,220.7,14.8,47.6,0.84,1,-1,-1
8,6,89.8,227.5,7.6,19.4,0.76,1,-1,-1
8,8,278.1,224.7,14.1,32.9,0.83,1,-1,-1
8,11,601.0,249.2,3.1,4.1,0.71,1,-1,-1
9,1,207.4,214.7,47.0,151.1,0.91,1,-1,-1
9,2,107.6,225.3,16.9,38.2,0.88,1,-1,-1
9,3,340.0,231.7,14.6,32.3,0.87,1,-1,-1
9,4,19.6,218.8,17.4,54.2,0.86,1,-1,-1
9,5,35.5,221.0,16.1,48.1,0.84,1,-1,-1
9,6,90.7,227.4,7.8,20.2,0.79,1,-1,-1
9,8,279.0,224.0,14.2,33.7,0.84,1,-1,-1
10,1,205.0,215.8,45.7,148.4,0.92,1,-1,-1
10,2,108.1,226.0,17.0,37.6,0.87,1,-1,-1
10,3,341.0,231.4,14.3,32.8,0.87,1,-1,-1
10,4,19.9,219.6,17.4,53.5,0.84,1,-1,-1
10,5,35.5,221.3,16.7,48.3,0.85,1,-1,-1
10,6,91.4,227.3,7.9,20.5,0.80,1,-1,-1
10,8,279.5,223.9,14.7,33.6,0.85,1,-1,-1
11,1,200.0,212.8,44.7,138.9,0.93,1,-1,-1
11,2,109.3,226.8,17.3,36.7,0.85,1,-1,-1
11,3,345.2,231.6,12.2,33.7,0.85,1,-1,-1
11,4,20.3,219.5,17.4,53.9,0.85,1,-1,-1
11,5,37.3,220.7,15.5,48.4,0.84,1,-1,-1
11,6,93.0,227.2,7.9,20.0,0.79,1,-1,-1
11,8,280.6,223.4,16.6,34.3,0.84,1,-1,-1
12,1,195.4,210.7,47.5,138.9,0.93,1,-1,-1
12,2,109.4,225.7,20.5,38.5,0.86,1,-1,-1
12,3,347.3,232.4,14.4,32.2,0.86,1,-1,-1
12,4,20.6,218.4,18.1,54.2,0.84,1,-1,-1
12,5,37.1,220.3,16.2,49.2,0.81,1,-1,-1
12,6,95.6,227.3,8.6,21.9,0.84,1,-1,-1
12,8,282.0,223.5,16.8,34.6,0.84,1,-1,-1
13,1,192.7,214.6,47.0,134.5,0.92,1,-1,-1
13,2,110.7,226.1,19.8,37.3,0.82,1,-1,-1
13,3,348.9,233.3,14.9,32.2,0.85,1,-1,-1
13,4,20.7,217.9,18.9,54.6,0.85,1,-1,-1
13,5,38.5,221.2,15.8,48.0,0.84,1,-1,-1
13,6,97.2,227.1,8.9,21.8,0.82,1,-1,-1
13,8,285.5,224.2,14.7,33.3,0.85,1,-1,-1
14,1,191.2,217.3,44.6,131.7,0.92,1,-1,-1
14,2,112.7,225.7,19.6,36.7,0.77,1,-1,-1
14,3,352.2,232.4,16.1,33.2,0.85,1,-1,-1
14,4,20.8,218.8,19.0,54.0,0.85,1,-1,-1
14,5,39.0,221.2,15.8,49.6,0.85,1,-1,-1
14,6,99.0,226.9,9.0,23.2,0.82,1,-1,-1
14,8,286.1,224.8,15.1,32.6,0.82,1,-1,-1
15,1,188.0,217.9,44.7,131.4,0.93,1,-1,-1
15,2,116.9,223.9,17.4,36.0,0.74,1,-1,-1
15,3,356.8,233.1,15.2,31.8,0.87,1,-1,-1
15,4,20.8,218.7,19.2,54.1,0.85,1,-1,-1
15,5,39.2,220.2,16.8,50.4,0.86,1,-1,-1
15,6,101.2,226.5,9.2,23.5,0.84,1,-1,-1
15,8,288.8,224.7,15.0,33.2,0.83,1,-1,-1
16,1,186.6,213.9,41.9,125.0,0.92,1,-1,-1
16,2,121.9,222.1,14.5,34.4,0.75,1,-1,-1
16,3,358.3,233.3,16.1,32.0,0.85,1,-1,-1
16,4,20.6,218.1,19.0,54.7,0.85,1,-1,-1
16,5,39.3,219.7,17.5,51.5,0.86,1,-1,-1
16,6,103.1,226.3,9.8,24.1,0.82,1,-1,-1
16,8,290.6,224.3,15.7,33.6,0.81,1,-1,-1
17,1,184.2,212.8,41.5,125.1,0.93,1,-1,-1
17,2,124.1,222.3,13.8,33.8,0.84,1,-1,-1
17,3,359.9,233.5,16.0,32.8,0.87,1,-1,-1
17,4,21.4,217.1,18.9,55.9,0.86,1,-1,-1
17,5,40.6,220.0,18.0,51.5,0.85,1,-1,-1
17,6,104.6,226.2,9.7,25.8,0.82,1,-1,-1
17,8,292.8,224.8,15.0,32.5,0.81,1,-1,-1
18,1,181.7,216.4,40.2,121.7,0.93,1,-1,-1
18,2,125.3,221.9,14.6,34.4,0.83,1,-1,-1
18,3,363.4,233.2,14.4,33.9,0.86,1,-1,-1
18,4,21.6,217.2,20.4,56.5,0.86,1,-1,-1
18,5,41.6,220.2,18.5,51.9,0.86,1,-1,-1
18,6,106.7,226.1,9.7,27.0,0.81,1,-1,-1
18,8,293.9,225.5,15.9,33.0,0.82,1,-1,-1
19,1,180.5,217.4,39.0,118.6,0.93,1,-1,-1
19,2,126.6,221.9,15.3,34.3,0.82,1,-1,-1
19,3,366.6,232.7,13.2,33.9,0.85,1,-1,-1
19,4,21.8,218.7,21.2,55.2,0.85,1,-1,-1
19,5,42.7,219.9,18.0,52.1,0.87,1,-1,-1
19,6,108.2,225.9,10.5,26.5,0.83,1,-1,-1
19,8,295.8,226.6,16.1,31.4,0.82,1,-1,-1
20,1,180.9,216.0,36.0,115.0,0.93,1,-1,-1
20,2,128.2,221.4,16.6,34.4,0.83,1,-1,-1
20,3,368.3,233.7,15.9,33.7,0.84,1,-1,-1
20,4,22.9,218.6,20.7,57.2,0.85,1,-1,-1
20,5,43.0,219.5,18.5,53.3,0.86,1,-1,-1
20,6,111.0,226.1,10.5,26.4,0.82,1,-1,-1
20,8,300.1,226.1,14.7,32.9,0.84,1,-1,-1
21,1,181.6,213.1,34.9,115.1,0.93,1,-1,-1
21,2,130.5,221.3,16.0,33.9,0.84,1,-1,-1
21,3,370.0,233.5,15.9,33.8,0.84,1,-1,-1
21,4,23.9,218.0,20.0,57.9,0.85,1,-1,-1
21,5,43.6,220.4,18.0,52.8,0.85,1,-1,-1
21,6,112.5,225.7,10.9,29.6,0.82,1,-1,-1
21,8,301.2,226.0,14.9,32.1,0.83,1,-1,-1
22,1,180.4,213.7,35.8,113.1,0.93,1,-1,-1
22,2,132.1,221.2,15.6,33.6,0.87,1,-1,-1
22,3,374.7,233.3,13.9,34.0,0.84,1,-1,-1
22,4,25.1,217.3,19.6,58.1,0.84,1,-1,-1
22,5,43.7,220.5,18.4,53.8,0.86,1,-1,-1
22,6,114.8,225.6,11.0,29.9,0.80,1,-1,-1
22,8,302.3,226.9,15.4,33.3,0.82,1,-1,-1
23,1,178.5,217.7,37.8,109.0,0.93,1,-1,-1
23,2,133.5,220.9,15.9,34.1,0.83,1,-1,-1
23,3,378.7,233.3,14.5,34.5,0.84,1,-1,-1
23,4,26.3,218.2,19.3,58.1,0.83,1,-1,-1
23,5,44.4,219.6,18.4,54.5,0.82,1,-1,-1
23,6,117.6,226.4,11.3,29.9,0.81,1,-1,-1
23,8,304.6,227.7,16.4,33.2,0.83,1,-1,-1
24,1,178.6,218.0,35.4,108.6,0.92,1,-1,-1
24,2,135.3,220.6,15.0,34.6,0.84,1,-1,-1
24,3,380.3,233.8,15.1,34.0,0.86,1,-1,-1
24,4,26.9,217.8,19.7,59.6,0.85,1,-1,-1
24,5,46.1,219.0,17.6,55.2,0.84,1,-1,-1
24,6,120.4,227.0,11.2,28.4,0.82,1,-1,-1
24,8,307.5,227.6,15.4,34.2,0.83,1,-1,-1
25,1,178.1,216.8,33.5,104.3,0.91,1,-1,-1
25,2,136.4,220.4,15.6,34.5,0.85,1,-1,-1
25,3,382.6,233.6,14.4,35.2,0.84,1,-1,-1
25,4,27.3,217.3,20.7,61.8,0.85,1,-1,-1
25,5,46.5,218.6,18.1,56.2,0.85,1,-1,-1
25,6,122.8,226.6,10.9,28.3,0.80,1,-1,-1
25,8,308.9,227.2,14.1,32.6,0.82,1,-1,-1
26,1,174.6,214.6,32.7,104.2,0.92,1,-1,-1
26,2,139.2,219.9,14.3,35.5,0.83,1,-1,-1
26,3,387.0,232.8,13.5,36.4,0.85,1,-1,-1
26,4,28.6,216.2,20.7,61.2,0.87,1,-1,-1
26,5,48.1,218.9,18.5,56.6,0.85,1,-1,-1
26,6,125.8,226.7,12.1,28.7,0.80,1,-1,-1
26,8,310.4,226.9,15.4,35.1,0.80,1,-1,-1
27,1,171.5,215.7,34.3,103.1,0.92,1,-1,-1
27,2,140.4,219.8,14.7,36.1,0.81,1,-1,-1
27,3,388.5,233.7,13.8,34.6,0.88,1,-1,-1
27,4,29.2,215.3,22.0,62.3,0.86,1,-1,-1
27,5,49.6,218.5,18.3,57.6,0.84,1,-1,-1
27,6,128.2,226.6,13.1,30.7,0.81,1,-1,-1
27,8,312.0,227.6,17.1,34.3,0.80,1,-1,-1
28,1,170.1,217.2,33.8,101.7,0.92,1,-1,-1
28,2,141.1,219.7,15.8,37.9,0.78,1,-1,-1
28,3,389.6,233.8,14.9,35.4,0.86,1,-1,-1
28,4,29.9,216.2,22.1,62.5,0.84,1,-1,-1
28,5,50.1,217.5,18.9,58.3,0.85,1,-1,-1
28,6,131.5,227.2,12.6,29.6,0.81,1,-1,-1
28,8,312.9,227.8,19.4,34.8,0.79,1,-1,-1
29,1,170.1,217.6,31.9,99.5,0.92,1,-1,-1
29,2,142.0,219.6,16.0,38.3,0.81,1,-1,-1
29,3,391.1,234.0,15.8,35.4,0.86,1,-1,-1
29,4,31.2,217.2,21.8,61.9,0.84,1,-1,-1
29,5,50.5,217.5,19.4,59.1,0.83,1,-1,-1
29,6,135.5,228.0,10.2,27.8,0.73,1,-1,-1
29,8,314.3,228.1,18.5,34.3,0.80,1,-1,-1
30,1,170.7,216.4,28.7,97.0,0.92,1,-1,-1
30,2,142.2,219.8,18.4,38.5,0.86,1,-1,-1
30,3,394.8,233.7,16.1,36.9,0.84,1,-1,-1
30,4,32.5,215.8,21.7,64.5,0.84,1,-1,-1
30,5,52.6,218.2,18.7,58.3,0.81,1,-1,-1
30,6,140.0,224.7,10.2,33.2,0.11,1,-1,-1
30,8,319.0,227.8,17.3,35.1,0.80,1,-1,-1
31,1,170.1,216.1,30.1,94.1,0.93,1,-1,-1
31,2,145.1,220.5,18.4,38.5,0.78,1,-1,-1
31,3,400.1,233.6,14.8,37.2,0.83,1,-1,-1
31,4,35.1,214.7,20.8,67.4,0.85,1,-1,-1
31,5,53.9,218.3,19.2,61.2,0.83,1,-1,-1
31,8,323.4,228.2,16.7,35.4,0.85,1,-1,-1
32,1,165.5,218.0,34.2,92.8,0.90,1,-1,-1
32,2,147.5,220.5,18.1,36.8,0.79,1,-1,-1
32,3,402.4,234.4,15.9,36.0,0.84,1,-1,-1
32,4,35.6,214.6,22.1,68.2,0.84,1,-1,-1
32,5,55.1,216.9,19.2,62.3,0.85,1,-1,-1
32,8,325.1,228.9,17.2,35.0,0.83,1,-1,-1
33,1,167.8,218.7,30.3,92.1,0.89,1,-1,-1
33,2,148.4,220.7,17.5,37.5,0.84,1,-1,-1
33,3,402.6,234.6,17.1,36.8,0.85,1,-1,-1
33,4,36.7,214.9,22.9,69.5,0.84,1,-1,-1
33,5,56.0,217.0,19.0,62.7,0.85,1,-1,-1
33,8,326.6,229.0,16.9,35.2,0.84,1,-1,-1
34,1,166.2,218.6,29.1,88.6,0.90,1,-1,-1
34,2,149.8,221.4,16.7,37.7,0.79,1,-1,-1
34,3,406.8,234.2,14.7,37.7,0.85,1,-1,-1
34,4,38.4,215.0,22.8,68.9,0.84,1,-1,-1
34,5,56.8,217.1,20.2,63.8,0.83,1,-1,-1
34,8,330.8,228.9,15.9,35.5,0.80,1,-1,-1
35,1,165.9,217.1,27.0,87.8,0.87,1,-1,-1
35,2,152.1,222.3,15.8,35.6,0.74,1,-1,-1
35,3,410.5,233.6,14.2,38.6,0.82,1,-1,-1
35,4,38.8,215.1,22.8,69.0,0.83,1,-1,-1
35,5,57.4,217.4,23.0,64.7,0.84,1,-1,-1
35,8,332.2,228.6,16.6,35.8,0.80,1,-1,-1
36,1,163.2,216.3,26.7,87.6,0.85,1,-1,-1
36,2,153.1,222.6,15.8,39.4,0.75,1,-1,-1
36,3,411.4,234.0,15.5,37.7,0.84,1,-1,-1
36,4,39.2,214.5,24.1,69.0,0.84,1,-1,-1
36,5,59.5,217.1,22.1,65.2,0.85,1,-1,-1
36,6,187.2,226.4,15.8,31.8,0.76,1,-1,-1
36,8,334.2,228.7,17.4,36.6,0.80,1,-1,-1
37,1,161.8,219.5,25.1,84.6,0.85,1,-1,-1
37,2,155.6,222.6,14.7,39.3,0.73,1,-1,-1
37,3,413.1,234.9,17.0,36.9,0.85,1,-1,-1
37,4,39.7,213.0,24.6,72.0,0.85,1,-1,-1
37,5,62.2,216.0,20.8,66.2,0.86,1,-1,-1
37,6,190.9,227.5,18.7,30.9,0.80,1,-1,-1
37,8,336.4,229.1,18.6,36.7,0.81,1,-1,-1
38,1,157.6,219.6,28.1,85.4,0.87,1,-1,-1
38,2,156.4,223.6,12.8,27.7,0.56,1,-1,-1
38,3,415.2,234.6,17.2,37.4,0.84,1,-1,-1
38,4,40.1,213.5,25.7,72.0,0.85,1,-1,-1
38,5,63.1,216.2,21.1,66.2,0.86,1,-1,-1
38,6,196.4,225.2,21.1,34.3,0.79,1,-1,-1
38,8,336.9,229.2,19.4,37.0,0.80,1,-1,-1
39,1,155.9,218.5,26.1,80.9,0.89,1,-1,-1
39,3,422.2,234.5,12.4,37.0,0.70,1,-1,-1
39,4,42.4,214.7,25.6,72.8,0.85,1,-1,-1
39,5,64.8,217.4,22.1,65.4,0.83,1,-1,-1
39,6,206.8,225.8,21.8,34.6,0.80,1,-1,-1
39,8,343.0,229.0,16.1,37.4,0.81,1,-1,-1
40,1,155.5,217.2,25.8,80.4,0.90,1,-1,-1
40,3,424.8,235.7,12.7,37.4,0.80,1,-1,-1
40,4,44.1,213.7,25.3,74.7,0.85,1,-1,-1
40,5,65.5,217.3,23.2,68.7,0.85,1,-1,-1
40,6,215.8,226.5,21.3,35.2,0.80,1,-1,-1
40,8,346.4,228.8,16.2,37.7,0.80,1,-1,-1
41,1,153.7,217.3,27.0,80.8,0.88,1,-1,-1
41,3,427.1,237.1,14.1,36.2,0.83,1,-1,-1
41,4,45.0,213.5,27.4,74.3,0.83,1,-1,-1
41,5,67.7,216.3,22.1,69.1,0.85,1,-1,-1
41,6,223.9,226.8,21.7,35.3,0.79,1,-1,-1
41,8,347.4,229.1,18.0,37.6,0.84,1,-1,-1
41,13,171.2,223.2,14.6,42.6,0.73,1,-1,-1
42,1,151.6,218.3,25.8,79.2,0.84,1,-1,-1
42,3,429.4,237.1,14.3,36.8,0.80,1,-1,-1
42,4,46.0,213.4,27.9,75.0,0.83,1,-1,-1
42,5,69.9,214.6,21.8,71.7,0.84,1,-1,-1
42,6,233.1,227.5,21.6,37.0,0.79,1,-1,-1
42,8,349.9,229.3,18.8,38.1,0.83,1,-1,-1
42,13,172.4,223.2,16.7,41.9,0.81,1,-1,-1
42,14,31.8,223.7,9.6,24.3,0.61,1,-1,-1
43,1,150.3,219.6,24.5,74.5,0.86,1,-1,-1
43,2,172.4,222.5,22.1,43.3,0.85,1,-1,-1
43,3,435.2,236.1,12.9,37.6,0.77,1,-1,-1
43,4,46.4,213.8,29.2,75.4,0.83,1,-1,-1
43,5,71.0,215.8,23.8,71.8,0.83,1,-1,-1
43,6,244.5,227.2,21.7,36.9,0.78,1,-1,-1
43,8,354.6,228.8,17.7,38.6,0.81,1,-1,-1
43,14,32.1,223.7,9.8,25.0,0.73,1,-1,-1
44,1,149.2,218.5,23.8,70.0,0.86,1,-1,-1
44,2,174.2,223.1,23.7,41.2,0.83,1,-1,-1
44,3,437.1,236.2,15.0,38.1,0.84,1,-1,-1
44,4,46.4,213.9,29.9,76.4,0.84,1,-1,-1
44,5,70.1,216.5,26.8,73.3,0.84,1,-1,-1
44,6,252.8,225.5,23.3,40.3,0.81,1,-1,-1
44,8,356.9,228.6,18.4,38.8,0.79,1,-1,-1
44,14,32.3,224.2,10.2,25.5,0.75,1,-1,-1
45,1,146.7,217.1,23.8,73.0,0.88,1,-1,-1
45,2,177.5,223.2,22.2,41.4,0.85,1,-1,-1
45,3,437.9,236.3,18.9,37.6,0.84,1,-1,-1
45,4,49.8,212.5,28.9,79.0,0.86,1,-1,-1
45,5,72.2,215.5,26.9,74.7,0.85,1,-1,-1
45,6,262.1,227.5,23.2,41.8,0.80,1,-1,-1
45,8,360.0,228.7,18.2,39.6,0.82,1,-1,-1
45,14,32.9,224.2,9.8,26.2,0.75,1,-1,-1
46,1,144.9,217.5,24.1,72.9,0.88,1,-1,-1
46,2,180.4,223.3,23.4,42.6,0.84,1,-1,-1
46,3,440.5,235.9,18.9,38.5,0.82,1,-1,-1
46,4,52.7,212.0,25.8,79.5,0.85,1,-1,-1
46,5,75.7,213.3,26.2,76.4,0.85,1,-1,-1
46,6,271.1,227.1,25.1,43.8,0.83,1,-1,-1
46,8,361.3,229.3,20.2,39.0,0.83,1,-1,-1
46,14,33.1,223.6,10.1,26.9,0.75,1,-1,-1
47,1,143.1,218.7,23.7,72.8,0.88,1,-1,-1
47,2,183.4,225.1,23.6,39.8,0.85,1,-1,-1
47,3,444.1,234.9,17.6,40.6,0.82,1,-1,-1
47,4,53.8,211.6,27.3,80.4,0.86,1,-1,-1
47,5,77.0,212.9,26.3,77.2,0.85,1,-1,-1
47,6,280.3,226.9,26.4,46.8,0.83,1,-1,-1
47,8,362.3,230.1,20.0,39.0,0.82,1,-1,-1
47,14,33.5,223.3,10.1,26.9,0.76,1,-1,-1
48,1,141.3,219.7,23.1,68.0,0.88,1,-1,-1
48,2,186.8,224.9,23.6,41.9,0.87,1,-1,-1
48,3,450.0,235.1,13.7,39.8,0.80,1,-1,-1
48,4,55.3,212.5,27.9,79.9,0.86,1,-1,-1
48,5,79.5,215.0,25.9,75.0,0.87,1,-1,-1
48,6,290.8,228.7,27.1,48.5,0.81,1,-1,-1
48,8,365.9,229.2,17.8,39.7,0.78,1,-1,-1
48,14,33.5,223.7,10.3,26.4,0.76,1,-1,-1
49,1,139.8,218.7,22.7,70.1,0.90,1,-1,-1
49,2,191.0,226.4,23.5,40.9,0.82,1,-1,-1
49,3,453.4,236.2,16.0,40.2,0.82,1,-1,-1
49,4,57.1,214.2,26.3,79.6,0.84,1,-1,-1
49,5,80.1,215.4,27.9,77.5,0.87,1,-1,-1
49,6,304.8,228.0,30.3,54.6,0.86,1,-1,-1
49,8,369.4,228.6,18.7,40.3,0.70,1,-1,-1
49,14,34.0,224.1,10.1,25.9,0.75,1,-1,-1
50,1,139.3,218.0,22.0,71.0,0.89,1,-1,-1
50,2,195.3,224.5,22.7,44.9,0.87,1,-1,-1
50,3,454.4,236.9,19.1,40.4,0.84,1,-1,-1
50,4,61.9,212.9,24.7,82.4,0.85,1,-1,-1
50,5,84.1,213.6,26.2,79.3,0.86,1,-1,-1
50,6,319.7,229.0,30.5,56.6,0.81,1,-1,-1
50,8,374.1,228.9,18.3,40.6,0.78,1,-1,-1
50,14,34.2,223.6,10.0,26.8,0.73,1,-1,-1
51,1,137.4,218.5,23.8,69.9,0.89,1,-1,-1
51,2,197.8,224.0,23.3,43.8,0.84,1,-1,-1
51,3,459.3,235.9,18.0,41.9,0.82,1,-1,-1
51,4,63.3,212.0,26.5,83.5,0.89,1,-1,-1
51,5,86.0,213.6,25.8,79.8,0.87,1,-1,-1
51,6,334.5,228.9,28.8,55.8,0.77,1,-1,-1
51,8,375.8,229.2,19.9,41.0,0.83,1,-1,-1
51,14,34.5,222.6,9.9,28.2,0.69,1,-1,-1
51,15,58.2,229.1,3.7,9.6,0.55,1,-1,-1
52,1,136.8,219.5,23.3,68.2,0.88,1,-1,-1
52,2,200.7,224.3,23.1,43.5,0.84,1,-1,-1
52,3,464.3,236.5,16.2,40.6,0.79,1,-1,-1
52,4,61.1,212.5,31.1,84.6,0.89,1,-1,-1
52,5,86.8,214.6,27.5,80.6,0.83,1,-1,-1
52,6,350.4,229.3,29.6,59.7,0.78,1,-1,-1
52,8,379.1,229.9,19.0,40.5,0.78,1,-1,-1
52,14,35.6,222.9,9.2,28.0,0.68,1,-1,-1
52,15,58.4,228.9,3.5,9.2,0.63,1,-1,-1
53,1,135.4,219.9,22.2,66.7,0.88,1,-1,-1
53,2,204.7,224.7,23.0,43.6,0.83,1,-1,-1
53,3,466.9,236.3,17.8,41.1,0.84,1,-1,-1
53,4,60.8,213.4,35.1,84.7,0.88,1,-1,-1
53,5,87.5,215.5,30.9,80.3,0.85,1,-1,-1
53,6,368.9,228.6,31.5,63.3,0.80,1,-1,-1
53,8,387.6,229.9,15.7,36.9,0.18,1,-1,-1
53,14,36.3,224.0,8.4,26.6,0.69,1,-1,-1
53,15,58.7,229.1,3.5,9.6,0.68,1,-1,-1
54,1,134.5,218.4,20.7,66.9,0.88,1,-1,-1
54,2,207.8,223.7,23.2,46.9,0.85,1,-1,-1
54,3,467.3,237.0,21.0,41.2,0.88,1,-1,-1
54,4,63.6,214.1,32.9,85.9,0.89,1,-1,-1
54,5,89.5,214.8,31.5,81.7,0.91,1,-1,-1
54,6,385.9,229.9,32.6,60.5,0.80,1,-1,-1
54,14,36.6,224.0,8.3,26.8,0.73,1,-1,-1
54,15,58.6,229.2,3.6,9.6,0.68,1,-1,-1
55,1,132.0,217.5,20.9,66.8,0.89,1,-1,-1
55,2,211.0,225.4,24.0,45.3,0.85,1,-1,-1
55,3,471.5,236.6,20.1,40.7,0.83,1,-1,-1
55,4,67.8,212.5,31.1,88.6,0.91,1,-1,-1
55,5,94.6,213.4,28.4,83.9,0.89,1,-1,-1
55,6,407.7,230.0,28.3,61.9,0.77,1,-1,-1
55,8,389.5,230.0,21.5,42.0,0.81,1,-1,-1
55,14,36.6,223.0,8.3,27.8,0.75,1,-1,-1
55,15,58.7,229.3,3.6,9.7,0.64,1,-1,-1
56,1,130.7,218.7,20.9,65.6,0.88,1,-1,-1
56,2,215.1,223.4,23.8,48.9,0.85,1,-1,-1
56,3,478.7,237.7,15.8,40.7,0.79,1,-1,-1
56,4,71.3,211.8,28.8,89.1,0.90,1,-1,-1
56,5,96.9,211.9,31.2,86.5,0.87,1,-1,-1
56,6,424.2,227.1,34.4,68.5,0.83,1,-1,-1
56,8,390.3,230.3,24.7,41.9,0.81,1,-1,-1
56,14,36.8,223.0,8.2,26.8,0.74,1,-1,-1
56,15,58.9,229.3,3.5,9.5,0.70,1,-1,-1
57,1,128.1,219.8,21.9,63.8,0.87,1,-1,-1
57,2,218.0,222.7,25.1,51.2,0.86,1,-1,-1
57,3,484.0,239.0,15.0,40.1,0.76,1,-1,-1
57,4,73.6,211.4,30.9,90.9,0.89,1,-1,-1
57,5,100.4,212.8,29.6,86.9,0.85,1,-1,-1
57,6,446.2,230.7,34.5,70.9,0.83,1,-1,-1
57,8,393.3,230.1,22.4,42.4,0.80,1,-1,-1
57,14,36.9,223.5,8.0,25.9,0.76,1,-1,-1
57,15,59.1,229.2,3.7,9.9,0.70,1,-1,-1
58,1,128.7,219.6,19.3,63.0,0.89,1,-1,-1
58,2,220.8,223.7,26.5,53.7,0.88,1,-1,-1
58,4,75.9,213.4,32.5,89.8,0.87,1,-1,-1
58,5,101.6,214.5,28.9,88.7,0.83,1,-1,-1
58,6,462.6,231.5,42.0,74.6,0.86,1,-1,-1
58,8,398.9,229.6,22.1,43.0,0.80,1,-1,-1
58,14,37.0,223.6,8.3,26.3,0.77,1,-1,-1
58,15,59.3,229.2,3.7,9.9,0.72,1,-1,-1
59,1,128.7,218.5,17.7,63.5,0.86,1,-1,-1
59,2,224.8,223.4,27.0,53.5,0.86,1,-1,-1
59,4,78.4,213.9,29.5,91.3,0.91,1,-1,-1
59,5,106.0,214.0,27.9,88.7,0.83,1,-1,-1
59,6,486.0,229.0,43.6,77.3,0.84,1,-1,-1
59,8,403.8,229.8,17.9,43.0,0.82,1,-1,-1
59,14,37.1,223.4,8.1,26.2,0.75,1,-1,-1
59,15,59.5,229.4,3.6,9.4,0.72,1,-1,-1
60,1,127.6,217.9,18.6,63.3,0.83,1,-1,-1
60,2,229.5,224.3,28.1,53.9,0.87,1,-1,-1
60,3,495.2,238.4,16.6,42.0,0.77,1,-1,-1
60,4,81.0,212.6,30.8,93.5,0.91,1,-1,-1
60,5,107.7,213.0,29.3,88.1,0.84,1,-1,-1
60,6,517.0,234.5,41.5,73.1,0.87,1,-1,-1
60,8,405.2,230.5,22.0,42.8,0.83,1,-1,-1
60,14,37.4,223.1,8.3,26.3,0.74,1,-1,-1
60,15,59.8,229.6,3.4,9.1,0.72,1,-1,-1
61,1,127.8,218.9,18.1,63.0,0.75,1,-1,-1
61,2,233.3,224.0,28.9,56.3,0.88,1,-1,-1
61,3,497.6,238.8,15.8,41.2,0.75,1,-1,-1
61,4,83.2,211.0,31.4,95.8,0.89,1,-1,-1
61,5,108.4,212.8,31.5,92.2,0.86,1,-1,-1
61,6,534.0,234.4,44.0,76.5,0.86,1,-1,-1
61,8,406.8,230.5,22.4,42.9,0.83,1,-1,-1
61,14,37.6,223.0,9.0,26.5,0.73,1,-1,-1
61,15,59.9,229.6,3.4,9.0,0.70,1,-1,-1
62,2,241.0,224.4,30.4,60.2,0.88,1,-1,-1
62,3,499.7,238.4,20.2,42.0,0.88,1,-1,-1
62,4,83.8,211.3,35.5,97.8,0.90,1,-1,-1
62,5,108.8,213.1,34.8,94.0,0.84,1,-1,-1
62,6,573.9,233.6,41.6,85.9,0.89,1,-1,-1
62,8,413.3,230.0,19.4,44.3,0.79,1,-1,-1
62,14,38.4,223.9,8.2,25.1,0.60,1,-1,-1
62,15,60.0,229.3,4.0,9.6,0.65,1,-1,-1
63,2,245.6,223.8,32.3,63.9,0.88,1,-1,-1
63,3,500.7,238.7,24.2,41.9,0.86,1,-1,-1
63,4,84.7,211.2,36.5,98.7,0.89,1,-1,-1
63,5,111.3,214.2,36.4,94.0,0.90,1,-1,-1
63,6,598.3,233.4,41.0,84.7,0.89,1,-1,-1
63,8,417.4,229.9,17.6,44.6,0.76,1,-1,-1
63,14,38.8,226.1,7.2,22.4,0.11,1,-1,-1
63,15,60.0,229.3,4.2,9.8,0.64,1,-1,-1
64,2,253.8,225.0,33.9,62.7,0.86,1,-1,-1
64,3,510.0,237.9,18.0,42.4,0.80,1,-1,-1
64,4,90.1,211.5,33.0,101.5,0.92,1,-1,-1
64,5,119.3,213.3,33.8,95.2,0.92,1,-1,-1
64,8,421.8,230.3,19.6,44.3,0.84,1,-1,-1
64,15,60.0,229.2,4.3,9.8,0.60,1,-1,-1
65,2,261.7,223.9,34.6,62.7,0.89,1,-1,-1
65,3,518.7,238.3,15.6,42.8,0.82,1,-1,-1
65,4,93.9,210.0,33.3,103.4,0.91,1,-1,-1
65,5,124.2,212.1,33.6,99.7,0.87,1,-1,-1
65,8,423.0,231.8,24.5,43.6,0.87,1,-1,-1
65,15,60.0,229.4,4.4,9.4,0.59,1,-1,-1
66,2,269.4,224.3,34.8,65.0,0.88,1,-1,-1
66,3,519.8,238.4,18.2,43.1,0.86,1,-1,-1
66,4,97.0,208.0,33.7,105.8,0.91,1,-1,-1
66,5,126.9,212.3,35.1,98.3,0.91,1,-1,-1
66,8,424.8,231.7,23.8,43.6,0.83,1,-1,-1
66,15,60.0,229.2,4.5,9.5,0.58,1,-1,-1
67,2,276.8,224.8,35.8,68.5,0.88,1,-1,-1
67,3,520.7,239.2,21.4,43.2,0.84,1,-1,-1
67,4,99.4,209.2,38.7,106.6,0.90,1,-1,-1
67,5,130.0,212.5,36.5,102.0,0.90,1,-1,-1
67,8,430.3,231.7,18.9,43.8,0.81,1,-1,-1
67,15,60.0,229.1,4.6,9.6,0.57,1,-1,-1
68,2,285.0,225.5,33.9,70.5,0.85,1,-1,-1
68,3,526.5,239.7,18.8,43.3,0.82,1,-1,-1
68,4,102.3,208.1,37.4,109.3,0.90,1,-1,-1
68,5,132.6,212.1,36.4,103.3,0.91,1,-1,-1
68,8,436.6,233.4,15.0,41.9,0.73,1,-1,-1
68,15,60.0,228.6,4.8,10.1,0.55,1,-1,-1
69,2,293.8,224.6,37.5,71.0,0.87,1,-1,-1
69,3,532.0,238.7,16.9,44.5,0.84,1,-1,-1
69,4,102.6,208.9,37.9,111.2,0.92,1,-1,-1
69,5,139.5,211.0,33.9,102.5,0.90,1,-1,-1
69,8,440.5,233.1,18.7,43.5,0.83,1,-1,-1
69,15,60.0,228.6,5.0,10.2,0.53,1,-1,-1
70,2,303.8,226.5,36.1,66.1,0.89,1,-1,-1
70,3,535.1,239.1,17.8,44.2,0.86,1,-1,-1
70,4,108.6,208.5,37.6,111.9,0.89,1,-1,-1
70,5,141.6,210.4,36.7,105.9,0.92,1,-1,-1
70,8,441.1,232.5,23.2,44.6,0.88,1,-1,-1
70,14,40.3,224.5,9.6,24.9,0.71,1,-1,-1
70,15,60.0,228.8,5.0,9.7,0.49,1,-1,-1
70,21,102.5,224.3,10.6,28.2,0.72,1,-1,-1
71,2,318.6,224.8,34.5,72.7,0.86,1,-1,-1
71,3,536.0,239.8,22.2,44.0,0.89,1,-1,-1
71,4,110.4,207.9,41.9,115.6,0.90,1,-1,-1
71,5,141.8,211.2,43.2,107.2,0.92,1,-1,-1
71,8,446.9,232.9,18.8,44.8,0.84,1,-1,-1
71,14,41.0,224.0,9.5,25.6,0.78,1,-1,-1
71,15,60.0,229.1,5.1,9.5,0.46,1,-1,-1
71,21,103.8,224.2,10.7,28.9,0.77,1,-1,-1
72,2,329.6,225.7,35.0,74.2,0.85,1,-1,-1
72,3,541.5,240.1,21.4,44.1,0.84,1,-1,-1
72,4,112.2,207.4,44.2,117.5,0.89,1,-1,-1
72,5,146.8,211.6,43.3,107.5,0.93,1,-1,-1
72,8,452.0,232.7,15.7,46.2,0.67,1,-1,-1
72,14,41.1,223.4,9.6,25.9,0.78,1,-1,-1
72,15,60.0,228.9,5.4,9.9,0.39,1,-1,-1
72,21,104.7,223.8,10.9,28.5,0.75,1,-1,-1
73,1,108.5,220.5,15.7,51.5,0.78,1,-1,-1
73,2,340.9,225.2,38.8,79.2,0.88,1,-1,-1
73,3,548.9,239.9,17.4,43.5,0.80,1,-1,-1
73,4,116.0,207.8,44.5,119.4,0.90,1,-1,-1
73,5,155.6,209.7,41.5,110.8,0.92,1,-1,-1
73,8,457.6,234.1,18.0,44.5,0.79,1,-1,-1
73,14,41.5,223.3,9.6,26.0,0.79,1,-1,-1
73,15,60.0,228.8,5.5,10.0,0.27,1,-1,-1
73,26,628.0,252.7,5.3,11.2,0.67,1,-1,-1
74,1,107.8,220.0,16.3,54.4,0.88,1,-1,-1
74,2,351.1,225.6,40.8,79.8,0.86,1,-1,-1
74,3,553.2,240.2,17.2,44.7,0.85,1,-1,-1
74,4,122.7,206.4,40.3,122.6,0.91,1,-1,-1
74,5,160.9,209.4,41.6,112.8,0.92,1,-1,-1
74,8,458.1,234.0,25.5,45.1,0.86,1,-1,-1
74,14,42.3,223.2,9.2,26.0,0.78,1,-1,-1
74,15,60.0,228.7,5.6,10.4,0.20,1,-1,-1
74,26,627.3,253.0,5.0,10.8,0.77,1,-1,-1
75,1,106.0,220.6,17.7,52.9,0.87,1,-1,-1
75,2,362.2,226.6,39.2,75.8,0.88,1,-1,-1
75,3,554.0,241.1,20.5,44.2,0.89,1,-1,-1
75,4,126.8,205.2,39.2,123.8,0.91,1,-1,-1
75,5,163.7,211.4,44.7,113.5,0.93,1,-1,-1
75,8,458.8,234.7,27.9,45.2,0.88,1,-1,-1
75,14,41.8,223.1,10.1,27.2,0.80,1,-1,-1
75,15,60.0,228.7,5.7,10.0,0.13,1,-1,-1
75,26,626.6,252.9,4.6,10.7,0.80,1,-1,-1
76,1,104.9,222.3,17.8,50.4,0.86,1,-1,-1
76,2,375.2,228.8,42.6,81.0,0.85,1,-1,-1
76,3,558.4,240.9,20.5,44.7,0.84,1,-1,-1
76,4,132.1,205.3,38.6,123.9,0.92,1,-1,-1
76,5,167.7,210.4,47.2,116.5,0.93,1,-1,-1
76,8,464.5,234.1,22.5,45.3,0.83,1,-1,-1
76,14,42.5,223.2,9.6,26.8,0.78,1,-1,-1
76,15,60.0,228.7,5.6,9.9,0.12,1,-1,-1
76,26,625.8,252.3,4.2,10.7,0.81,1,-1,-1
77,1,104.2,221.8,17.1,50.6,0.84,1,-1,-1
77,2,389.1,227.8,43.2,86.2,0.89,1,-1,-1
77,3,566.8,240.8,13.8,45.1,0.83,1,-1,-1
77,4,134.8,205.1,46.4,126.1,0.93,1,-1,-1
77,5,172.6,211.6,45.7,115.6,0.93,1,-1,-1
77,8,470.6,233.2,20.2,46.7,0.76,1,-1,-1
77,14,42.8,222.8,9.7,27.0,0.76,1,-1,-1
77,15,60.0,228.6,5.7,10.1,0.12,1,-1,-1
77,26,625.1,252.0,4.2,11.1,0.82,1,-1,-1
78,1,102.6,220.6,16.3,51.2,0.84,1,-1,-1
78,2,405.1,226.6,47.8,89.6,0.85,1,-1,-1
78,3,569.2,240.8,17.1,45.3,0.85,1,-1,-1
78,4,137.6,207.7,45.9,126.8,0.93,1,-1,-1
78,5,178.1,210.2,45.9,117.7,0.93,1,-1,-1
78,8,474.1,234.6,19.4,45.2,0.78,1,-1,-1
78,14,43.3,222.1,9.8,27.4,0.81,1,-1,-1
78,15,60.0,228.4,5.8,10.5,0.13,1,-1,-1
78,21,115.5,223.3,13.5,32.8,0.77,1,-1,-1
78,26,624.1,251.8,4.3,11.5,0.83,1,-1,-1
79,1,101.4,220.1,15.9,51.7,0.85,1,-1,-1
79,2,419.5,226.6,50.4,86.7,0.81,1,-1,-1
79,3,570.2,241.3,20.2,44.6,0.87,1,-1,-1
79,4,137.8,207.4,46.3,130.2,0.93,1,-1,-1
79,5,183.4,208.4,46.7,121.0,0.93,1,-1,-1
79,8,477.7,235.6,24.1,44.9,0.78,1,-1,-1
79,14,43.5,222.3,10.3,28.2,0.83,1,-1,-1
79,15,60.0,228.5,5.7,10.4,0.13,1,-1,-1
79,21,116.2,223.1,13.4,33.1,0.78,1,-1,-1
79,26,623.5,251.8,4.6,11.5,0.82,1,-1,-1
80,1,100.2,220.6,16.2,51.2,0.86,1,-1,-1
80,2,437.4,228.4,49.0,84.2,0.88,1,-1,-1
80,3,575.5,242.2,18.5,43.6,0.84,1,-1,-1
80,4,146.6,204.8,43.3,133.1,0.92,1,-1,-1
80,5,189.5,212.4,51.0,118.2,0.92,1,-1,-1
80,8,476.9,236.0,28.5,45.7,0.68,1,-1,-1
80,14,44.0,222.6,10.7,28.3,0.83,1,-1,-1
80,15,60.0,228.7,5.8,9.9,0.11,1,-1,-1
80,21,117.0,223.0,15.3,32.7,0.81,1,-1,-1
80,26,622.7,252.4,5.3,11.1,0.78,1,-1,-1
81,1,99.1,221.7,16.8,50.0,0.86,1,-1,-1
81,2,453.7,227.4,51.5,91.8,0.90,1,-1,-1
81,3,583.2,241.5,13.9,44.5,0.83,1,-1,-1
81,4,148.3,204.3,47.3,135.9,0.94,1,-1,-1
81,5,190.8,212.7,53.3,119.5,0.93,1,-1,-1
81,8,488.0,235.3,19.0,46.9,0.69,1,-1,-1
81,14,44.3,222.3,11.2,29.0,0.84,1,-1,-1
81,21,117.0,222.9,17.3,34.3,0.82,1,-1,-1
81,26,622.2,252.1,5.8,11.3,0.51,1,-1,-1
82,1,97.8,221.7,16.3,49.0,0.86,1,-1,-1
82,2,476.2,228.4,49.4,95.3,0.86,1,-1,-1
82,3,584.6,241.3,20.1,45.4,0.85,1,-1,-1
82,4,149.3,205.4,57.1,141.3,0.94,1,-1,-1
82,5,206.2,209.8,47.9,123.6,0.92,1,-1,-1
82,14,44.7,221.9,12.3,28.7,0.84,1,-1,-1
82,15,62.8,229.0,5.2,10.1,0.57,1,-1,-1
82,21,117.6,222.6,21.0,36.3,0.84,1,-1,-1
82,26,620.0,251.7,5.2,10.9,0.63,1,-1,-1
83,1,97.3,220.8,15.6,50.6,0.86,1,-1,-1
83,2,488.6,228.2,50.6,95.3,0.91,1,-1,-1
83,3,585.4,242.0,21.5,44.5,0.86,1,-1,-1
83,4,154.0,206.7,56.3,140.3,0.92,1,-1,-1
83,5,210.1,209.9,51.3,124.2,0.93,1,-1,-1
83,14,45.0,222.0,12.3,28.2,0.84,1,-1,-1
83,15,62.8,228.9,5.2,10.3,0.61,1,-1,-1
83,21,118.8,222.7,21.3,37.0,0.84,1,-1,-1
83,26,620.0,251.9,4.1,11.2,0.77,1,-1,-1
84,1,95.4,220.9,15.7,50.0,0.85,1,-1,-1
84,2,512.0,233.2,49.6,87.8,0.84,1,-1,-1
84,3,591.8,241.9,19.5,44.9,0.84,1,-1,-1
84,4,164.0,206.7,49.8,142.7,0.92,1,-1,-1
84,5,214.4,211.7,58.6,128.6,0.94,1,-1,-1
84,8,498.5,235.8,19.8,43.4,0.58,1,-1,-1
84,14,44.9,222.7,12.8,28.4,0.84,1,-1,-1
84,15,63.0,228.9,5.0,10.0,0.66,1,-1,-1
84,21,121.8,222.7,20.2,37.9,0.83,1,-1,-1
84,26,619.0,251.7,4.2,10.9,0.76,1,-1,-1
85,1,93.3,221.8,16.7,49.1,0.87,1,-1,-1
85,2,530.5,230.8,52.4,96.0,0.90,1,-1,-1
85,3,598.3,241.0,14.7,46.6,0.82,1,-1,-1
85,4,170.4,204.9,48.4,146.0,0.93,1,-1,-1
85,5,220.2,214.3,59.3,129.2,0.94,1,-1,-1
85,8,499.6,235.5,27.5,47.7,0.87,1,-1,-1
85,14,44.9,222.6,12.8,28.5,0.84,1,-1,-1
85,15,63.0,229.1,5.0,10.1,0.66,1,-1,-1
85,21,123.5,222.2,21.6,39.1,0.89,1,-1,-1
85,26,617.9,252.1,4.7,11.2,0.73,1,-1,-1
86,1,92.3,222.2,15.7,48.0,0.88,1,-1,-1
86,2,554.0,231.7,54.0,101.6,0.90,1,-1,-1
86,3,602.6,241.2,17.5,45.5,0.79,1,-1,-1
86,4,178.8,203.1,51.9,147.3,0.92,1,-1,-1
86,5,232.1,211.8,54.3,133.7,0.93,1,-1,-1
86,8,506.7,234.6,22.7,48.3,0.80,1,-1,-1
86,14,45.1,221.7,12.8,29.2,0.84,1,-1,-1
86,15,63.0,229.2,5.0,9.7,0.68,1,-1,-1
86,21,124.8,221.6,24.1,39.2,0.87,1,-1,-1
87,1,92.1,221.8,14.6,47.8,0.88,1,-1,-1
87,2,581.8,233.3,49.7,100.4,0.91,1,-1,-1
87,4,184.8,203.3,63.4,153.9,0.94,1,-1,-1
87,5,242.9,208.6,52.7,137.3,0.94,1,-1,-1
87,8,516.3,235.2,18.7,47.3,0.80,1,-1,-1
87,14,45.5,222.2,13.0,29.1,0.85,1,-1,-1
87,15,63.0,229.3,5.0,9.6,0.70,1,-1,-1
87,21,128.7,221.8,23.7,39.2,0.84,1,-1,-1
88,1,91.1,221.4,15.3,48.7,0.88,1,-1,-1
88,2,604.4,228.2,35.1,98.6,0.89,1,-1,-1
88,4,184.0,202.9,63.7,159.5,0.94,1,-1,-1
88,5,248.1,210.8,61.4,136.5,0.93,1,-1,-1
88,8,518.3,236.2,23.8,47.4,0.89,1,-1,-1
88,14,45.6,222.7,13.2,29.1,0.86,1,-1,-1
88,15,63.1,229.4,4.9,9.5,0.71,1,-1,-1
88,21,132.2,221.6,23.2,39.6,0.86,1,-1,-1
89,1,90.4,222.1,15.6,45.9,0.87,1,-1,-1
89,2,614.1,235.6,25.5,92.0,0.78,1,-1,-1
89,4,192.4,200.0,57.4,162.9,0.93,1,-1,-1
89,5,249.1,211.8,63.9,137.9,0.93,1,-1,-1
89,8,518.9,236.4,26.0,47.6,0.89,1,-1,-1
89,14,45.9,222.7,13.1,29.1,0.86,1,-1,-1
89,15,63.2,229.4,4.8,9.5,0.71,1,-1,-1
89,21,133.5,221.3,23.8,39.9,0.84,1,-1,-1
90,1,89.6,223.3,15.9,45.0,0.86,1,-1,-1
90,3,620.6,241.6,14.7,45.6,0.82,1,-1,-1
90,4,206.7,200.3,55.2,162.3,0.93,1,-1,-1
90,5,258.4,209.1,63.0,142.2,0.93,1,-1,-1
90,8,524.9,235.8,22.8,48.4,0.87,1,-1,-1
90,14,46.5,222.0,13.1,29.9,0.86,1,-1,-1
90,15,63.4,229.5,4.6,9.4,0.73,1,-1,-1
90,21,136.6,221.4,23.6,41.1,0.83,1,-1,-1
90,26,612.0,251.8,5.8,11.0,0.59,1,-1,-1
91,1,89.0,223.1,14.9,45.3,0.87,1,-1,-1
91,3,620.4,241.7,19.4,45.7,0.86,1,-1,-1
91,4,209.4,201.2,60.8,165.7,0.93,1,-1,-1
91,5,274.7,208.8,57.0,143.0,0.92,1,-1,-1
91,8,529.1,235.2,20.5,48.8,0.81,1,-1,-1
91,14,47.1,221.9,12.8,30.0,0.85,1,-1,-1
91,15,63.5,229.5,4.5,9.3,0.73,1,-1,-1
91,21,139.2,221.1,23.5,42.0,0.89,1,-1,-1
91,26,612.0,251.7,5.0,11.0,0.69,1,-1,-1
92,1,88.5,221.3,13.7,47.4,0.87,1,-1,-1
92,3,621.1,242.0,18.8,46.4,0.85,1,-1,-1
92,4,214.7,202.5,66.5,167.9,0.93,1,-1,-1
92,5,280.1,209.9,63.0,147.8,0.94,1,-1,-1
92,8,534.6,235.4,20.4,49.2,0.82,1,-1,-1
92,14,46.8,222.3,13.3,30.2,0.85,1,-1,-1
92,15,63.7,229.4,4.4,9.1,0.76,1,-1,-1
92,21,140.7,220.9,24.7,41.6,0.88,1,-1,-1
92,26,611.9,251.5,4.5,11.4,0.79,1,-1,-1
93,1,87.2,221.1,14.0,45.9,0.85,1,-1,-1
93,3,627.1,239.7,12.8,47.6,0.79,1,-1,-1
93,4,224.3,201.1,64.8,177.0,0.92,1,-1,-1
93,5,286.2,211.7,68.6,149.1,0.92,1,-1,-1
93,8,537.9,236.4,24.4,48.3,0.89,1,-1,-1
93,14,46.7,222.4,13.7,30.1,0.85,1,-1,-1
93,15,63.9,229.2,4.2,9.6,0.79,1,-1,-1
93,21,143.5,221.3,24.9,43.5,0.83,1,-1,-1
93,26,611.2,251.4,4.6,10.9,0.80,1,-1,-1
94,1,85.4,222.5,14.7,44.1,0.86,1,-1,-1
94,4,238.3,200.1,58.3,178.4,0.91,1,-1,-1
94,5,293.0,210.9,70.1,152.5,0.93,1,-1,-1
94,8,538.9,236.4,27.9,49.4,0.90,1,-1,-1
94,14,46.9,222.0,13.7,30.4,0.85,1,-1,-1
94,15,63.9,229.2,4.2,9.7,0.79,1,-1,-1
94,21,146.2,221.1,24.8,43.6,0.88,1,-1,-1
94,26,610.0,251.3,4.9,11.0,0.81,1,-1,-1
95,1,84.1,223.7,14.9,43.2,0.87,1,-1,-1
95,4,251.7,196.6,57.5,182.0,0.92,1,-1,-1
95,5,311.4,207.9,60.1,157.7,0.91,1,-1,-1
95,8,544.9,236.5,22.4,49.6,0.87,1,-1,-1
95,14,47.0,221.6,14.0,31.0,0.84,1,-1,-1
95,15,64.2,229.1,4.2,9.5,0.79,1,-1,-1
95,21,149.3,221.2,26.2,45.0,0.84,1,-1,-1
95,26,609.0,251.2,4.8,11.0,0.80,1,-1,-1
96,1,83.7,223.1,14.6,43.5,0.88,1,-1,-1
96,4,256.2,198.4,85.4,180.6,0.92,1,-1,-1
96,5,318.7,207.6,61.1,158.2,0.91,1,-1,-1
96,8,554.8,235.5,18.6,51.0,0.82,1,-1,-1
96,14,46.8,221.7,14.5,32.0,0.84,1,-1,-1
96,15,64.2,229.1,4.2,9.6,0.79,1,-1,-1
96,21,152.5,221.3,28.1,45.7,0.85,1,-1,-1
96,26,607.9,250.8,4.5,11.3,0.82,1,-1,-1
97,1,83.6,222.2,14.2,43.8,0.88,1,-1,-1
97,4,262.5,197.7,91.5,185.3,0.92,1,-1,-1
97,5,326.6,207.1,72.1,158.7,0.94,1,-1,-1
97,8,558.9,236.3,19.6,50.2,0.87,1,-1,-1
97,14,47.2,222.2,14.4,32.7,0.84,1,-1,-1
97,15,64.1,228.8,4.3,10.0,0.80,1,-1,-1
97,21,156.4,221.2,27.4,46.7,0.85,1,-1,-1
97,26,607.0,250.9,5.0,11.1,0.76,1,-1,-1
98,1,82.8,222.2,14.7,43.8,0.87,1,-1,-1
98,4,267.7,197.7,91.7,187.8,0.92,1,-1,-1
98,5,334.6,209.3,70.6,160.4,0.91,1,-1,-1
98,8,558.7,236.8,24.5,49.8,0.89,1,-1,-1
98,14,47.2,222.2,14.5,32.7,0.85,1,-1,-1
98,15,64.2,228.6,4.4,10.4,0.80,1,-1,-1
98,21,158.6,221.1,29.8,47.7,0.84,1,-1,-1
98,26,606.4,251.1,5.6,11.1,0.67,1,-1,-1
99,1,81.7,223.7,14.4,40.9,0.87,1,-1,-1
99,4,300.3,192.4,61.7,193.8,0.90,1,-1,-1
99,5,346.3,206.4,70.3,165.7,0.93,1,-1,-1
99,8,563.4,237.6,25.1,50.0,0.87,1,-1,-1
99,14,47.8,221.6,14.8,33.4,0.86,1,-1,-1
99,15,64.5,228.5,4.4,10.8,0.79,1,-1,-1
99,21,164.6,220.4,34.0,50.4,0.87,1,-1,-1
99,26,604.0,251.3,5.7,10.4,0.61,1,-1,-1
100,1,81.0,223.3,13.3,41.3,0.87,1,-1,-1
100,4,316.4,190.7,73.2,202.8,0.89,1,-1,-1
100,5,376.0,206.6,61.1,170.4,0.88,1,-1,-1
100,8,576.0,236.8,18.8,51.2,0.78,1,-1,-1
100,14,47.6,221.8,14.9,33.3,0.86,1,-1,-1
100,15,64.9,228.5,4.3,10.6,0.75,1,-1,-1
100,21,169.7,220.4,32.0,50.9,0.87,1,-1,-1
100,26,603.5,250.5,4.7,11.3,0.74,1,-1,-1
101,1,80.2,221.9,13.0,42.4,0.84,1,-1,-1
101,4,326.5,193.6,90.8,202.5,0.92,1,-1,-1
101,5,386.5,208.8,67.5,168.7,0.87,1,-1,-1
101,8,579.0,236.9,19.7,51.2,0.85,1,-1,-1
101,14,47.5,222.4,15.0,34.2,0.87,1,-1,-1
101,15,65.0,228.5,4.3,10.4,0.78,1,-1,-1
101,21,175.2,220.4,31.4,51.3,0.84,1,-1,-1
101,26,603.0,250.4,4.4,10.1,0.78,1,-1,-1
102,1,79.1,222.1,13.5,42.3,0.86,1,-1,-1
102,4,331.6,191.5,92.2,208.6,0.92,1,-1,-1
102,5,398.1,210.1,65.5,170.0,0.89,1,-1,-1
102,8,579.5,237.7,24.7,50.2,0.88,1,-1,-1
102,14,47.4,222.2,15.0,35.5,0.86,1,-1,-1
102,15,65.0,228.2,4.4,10.9,0.79,1,-1,-1
102,21,179.3,220.4,31.5,52.6,0.88,1,-1,-1
102,26,601.7,248.9,5.4,11.9,0.64,1,-1,-1
103,1,77.3,223.3,14.6,41.2,0.88,1,-1,-1
103,4,352.0,187.4,72.0,213.7,0.91,1,-1,-1
103,5,405.6,207.7,68.1,172.9,0.91,1,-1,-1
103,8,581.5,237.9,26.5,49.9,0.86,1,-1,-1
103,14,47.7,221.7,14.8,35.4,0.87,1,-1,-1
103,15,65.0,228.0,4.4,11.4,0.77,1,-1,-1
103,21,183.2,220.6,31.5,54.7,0.85,1,-1,-1
104,1,76.7,223.3,14.0,40.9,0.88,1,-1,-1
104,4,374.1,180.7,63.4,221.2,0.87,1,-1,-1
104,5,426.4,207.2,58.7,174.5,0.88,1,-1,-1
104,8,587.0,236.5,25.7,50.2,0.82,1,-1,-1
104,14,48.0,221.6,14.7,34.6,0.87,1,-1,-1
104,15,65.2,228.1,4.3,11.6,0.76,1,-1,-1
104,21,187.2,220.9,30.5,53.2,0.84,1,-1,-1
105,1,76.0,223.0,13.8,41.1,0.89,1,-1,-1
105,4,385.9,176.4,75.6,226.8,0.86,1,-1,-1
105,5,438.3,204.2,55.1,177.1,0.85,1,-1,-1
105,8,590.4,235.9,23.1,50.5,0.79,1,-1,-1
105,14,48.3,221.9,15.1,36.4,0.87,1,-1,-1
105,15,65.3,228.1,4.3,11.5,0.73,1,-1,-1
105,21,190.7,220.6,31.8,54.5,0.83,1,-1,-1
106,1,75.5,221.8,13.3,41.8,0.89,1,-1,-1
106,4,387.6,182.8,120.1,224.9,0.90,1,-1,-1
106,5,455.7,207.2,71.1,173.1,0.81,1,-1,-1
106,8,600.4,236.7,20.4,49.8,0.78,1,-1,-1
106,14,48.9,222.7,15.2,36.5,0.86,1,-1,-1
106,15,65.3,228.1,4.4,11.4,0.74,1,-1,-1
106,21,196.2,221.3,30.6,54.5,0.84,1,-1,-1
106,26,598.5,249.3,5.5,11.8,0.62,1,-1,-1
107,1,74.9,221.7,13.5,42.4,0.88,1,-1,-1
107,4,394.6,184.0,116.3,227.0,0.91,1,-1,-1
107,5,477.0,210.6,56.2,172.4,0.75,1,-1,-1
107,8,600.6,238.0,23.8,48.3,0.86,1,-1,-1
107,14,49.2,222.6,15.3,36.6,0.86,1,-1,-1
107,15,65.4,228.0,4.5,11.4,0.75,1,-1,-1
107,21,198.8,221.5,33.7,55.7,0.84,1,-1,-1
107,26,597.8,248.7,6.2,13.3,0.83,1,-1,-1
108,1,74.1,222.6,13.4,41.3,0.88,1,-1,-1
108,4,416.8,179.7,98.7,230.9,0.91,1,-1,-1
108,5,491.2,206.9,47.6,177.4,0.83,1,-1,-1
108,8,602.7,238.6,26.0,48.8,0.87,1,-1,-1
108,14,49.3,221.8,15.7,37.4,0.86,1,-1,-1
108,15,65.6,228.0,4.4,11.2,0.67,1,-1,-1
108,21,203.4,221.8,34.9,59.9,0.86,1,-1,-1
108,26,596.0,249.6,6.4,12.2,0.66,1,-1,-1
109,1,73.5,223.0,13.0,40.9,0.88,1,-1,-1
109,4,453.7,176.5,60.8,236.4,0.67,1,-1,-1
109,5,498.5,201.9,55.0,182.9,0.53,1,-1,-1
109,8,609.3,237.2,21.4,50.5,0.83,1,-1,-1
109,14,49.3,221.8,15.7,37.5,0.86,1,-1,-1
109,15,65.7,228.0,4.4,11.7,0.73,1,-1,-1
109,21,208.5,221.8,35.8,59.4,0.85,1,-1,-1
109,26,595.9,249.8,5.3,12.2,0.78,1,-1,-1
109,28,457.4,199.6,96.7,187.1,0.79,1,-1,-1
110,1,73.3,222.2,12.5,41.8,0.88,1,-1,-1
110,4,472.4,175.6,71.7,246.1,0.85,1,-1,-1
110,5,529.7,203.4,39.2,184.1,0.74,1,-1,-1
110,8,618.6,236.9,18.8,51.2,0.79,1,-1,-1
110,14,49.2,222.6,15.9,38.3,0.85,1,-1,-1
110,15,65.8,228.1,4.4,11.8,0.66,1,-1,-1
110,21,211.8,220.8,36.6,61.7,0.82,1,-1,-1
110,26,595.5,249.7,4.8,11.5,0.82,1,-1,-1
111,1,72.2,221.0,12.6,41.7,0.87,1,-1,-1
111,4,476.4,177.4,114.6,248.9,0.88,1,-1,-1
111,5,555.9,213.7,40.9,174.2,0.70,1,-1,-1
111,8,622.5,237.3,17.3,50.5,0.82,1,-1,-1
111,14,49.8,223.2,15.6,38.7,0.85,1,-1,-1
111,15,65.8,227.8,5.3,12.1,0.46,1,-1,-1
111,21,220.0,221.6,37.0,63.5,0.83,1,-1,-1
111,26,594.3,249.7,4.9,10.8,0.82,1,-1,-1
112,1,71.3,220.6,12.8,41.6,0.87,1,-1,-1
112,4,480.2,172.8,117.1,253.1,0.89,1,-1,-1
112,8,623.3,238.6,16.6,49.2,0.81,1,-1,-1
112,14,50.5,222.9,15.2,39.0,0.85,1,-1,-1
112,15,65.9,227.5,5.7,12.4,0.12,1,-1,-1
112,21,225.8,220.9,37.1,65.9,0.90,1,-1,-1
112,26,594.1,250.1,4.2,11.0,0.32,1,-1,-1
113,1,69.0,221.1,14.1,40.2,0.87,1,-1,-1
113,4,510.1,169.0,99.1,263.2,0.86,1,-1,-1
113,14,50.9,222.4,15.4,39.0,0.86,1,-1,-1
113,15,67.3,225.5,4.5,13.1,0.17,1,-1,-1
113,21,232.7,220.7,39.3,67.6,0.89,1,-1,-1
114,1,68.8,221.3,13.2,40.4,0.85,1,-1,-1
114,4,559.0,161.3,72.6,269.9,0.81,1,-1,-1
114,14,51.7,223.1,15.7,39.1,0.85,1,-1,-1
114,15,67.7,224.8,4.8,14.8,0.37,1,-1,-1
114,21,242.1,222.0,39.8,66.8,0.86,1,-1,-1
115,1,68.3,220.5,13.1,40.7,0.86,1,-1,-1
115,4,561.2,172.3,78.6,259.1,0.82,1,-1,-1
115,14,51.9,223.9,15.4,38.5,0.86,1,-1,-1
115,21,248.1,223.1,42.8,68.8,0.85,1,-1,-1
116,1,68.4,220.3,12.0,40.4,0.85,1,-1,-1
116,4,561.5,188.8,78.2,242.7,0.86,1,-1,-1
116,14,52.1,224.0,15.7,39.1,0.87,1,-1,-1
116,21,256.4,223.2,42.5,71.0,0.89,1,-1,-1
117,1,67.9,220.4,12.1,39.0,0.86,1,-1,-1
117,4,566.4,196.0,73.2,236.5,0.84,1,-1,-1
117,14,52.1,223.5,16.2,39.3,0.87,1,-1,-1
117,21,263.3,221.5,45.4,75.4,0.88,1,-1,-1
118,1,67.3,220.9,11.9,37.2,0.86,1,-1,-1
118,4,602.1,209.4,37.6,220.5,0.75,1,-1,-1
118,14,52.3,223.4,15.8,39.3,0.86,1,-1,-1
118,21,273.3,221.5,44.5,75.8,0.89,1,-1,-1
118,26,588.0,249.4,6.0,10.5,0.58,1,-1,-1
119,1,66.7,220.9,12.0,37.3,0.85,1,-1,-1
119,14,52.6,224.7,15.0,37.5,0.84,1,-1,-1
119,21,279.9,220.4,45.5,76.7,0.88,1,-1,-1
119,26,588.0,250.7,5.1,8.2,0.58,1,-1,-1
120,1,66.2,220.6,11.4,37.5,0.82,1,-1,-1
120,14,52.9,225.6,14.8,39.1,0.84,1,-1,-1
120,21,290.0,222.0,46.4,75.7,0.84,1,-1,-1
120,26,588.0,251.5,4.2,7.8,0.42,1,-1,-1
121,1,65.9,219.9,10.3,37.7,0.77,1,-1,-1
121,14,53.8,224.9,15.3,40.5,0.84,1,-1,-1
121,21,304.9,221.3,45.7,77.5,0.85,1,-1,-1
122,1,66.1,220.1,9.2,36.7,0.76,1,-1,-1
122,14,54.5,224.4,15.8,41.2,0.85,1,-1,-1
122,21,312.6,221.7,45.5,81.7,0.89,1,-1,-1
122,26,585.6,249.2,4.0,7.6,0.56,1,-1,-1
123,1,65.8,221.4,8.8,35.8,0.71,1,-1,-1
123,14,54.9,225.2,15.8,40.7,0.85,1,-1,-1
123,21,322.9,221.7,46.9,84.6,0.87,1,-1,-1
123,26,585.2,249.3,4.0,9.5,0.70,1,-1,-1
124,1,65.0,221.8,8.4,23.0,0.61,1,-1,-1
124,14,55.3,226.3,15.9,39.7,0.84,1,-1,-1
124,21,333.0,221.4,48.9,88.8,0.90,1,-1,-1
124,26,584.6,249.4,4.2,10.3,0.76,1,-1,-1
125,1,64.2,222.2,9.4,20.3,0.55,1,-1,-1
125,14,56.0,226.0,16.3,40.4,0.84,1,-1,-1
125,21,346.4,222.0,49.0,89.6,0.91,1,-1,-1
125,26,584.3,250.0,4.2,10.1,0.74,1,-1,-1
126,1,64.2,222.9,10.2,17.1,0.40,1,-1,-1
126,14,56.8,225.6,16.6,40.8,0.85,1,-1,-1
126,21,358.7,222.2,50.9,89.6,0.93,1,-1,-1
126,26,583.7,249.6,4.4,9.7,0.68,1,-1,-1
127,14,57.9,225.5,16.0,41.2,0.85,1,-1,-1
127,21,371.8,223.4,52.1,88.5,0.90,1,-1,-1
127,26,583.4,249.4,4.6,8.0,0.65,1,-1,-1
128,14,58.5,226.2,15.4,40.1,0.85,1,-1,-1
128,21,384.8,223.2,57.1,92.9,0.91,1,-1,-1
128,26,582.9,249.3,5.1,9.1,0.54,1,-1,-1
129,14,58.9,227.0,15.1,40.4,0.84,1,-1,-1
129,21,398.4,222.4,60.4,99.5,0.91,1,-1,-1
129,26,582.5,249.3,5.5,9.2,0.40,1,-1,-1
130,1,58.1,220.5,9.3,19.4,0.69,1,-1,-1
130,14,59.0,226.5,15.6,41.6,0.84,1,-1,-1
130,21,415.6,221.9,60.0,104.6,0.92,1,-1,-1
130,26,581.9,249.5,6.1,10.0,0.31,1,-1,-1
131,1,57.5,220.1,9.1,20.1,0.72,1,-1,-1
131,14,58.9,225.8,17.0,42.7,0.86,1,-1,-1
131,21,430.4,224.2,59.7,104.4,0.91,1,-1,-1
131,26,580.0,248.8,6.0,11.2,0.62,1,-1,-1
132,1,56.3,220.3,9.7,30.1,0.72,1,-1,-1
132,14,58.8,225.8,18.0,42.6,0.87,1,-1,-1
132,21,445.6,222.5,61.6,102.2,0.89,1,-1,-1
132,26,580.0,249.2,5.0,10.1,0.73,1,-1,-1
133,1,54.9,220.9,11.3,31.9,0.78,1,-1,-1
133,14,59.5,226.8,18.2,41.6,0.84,1,-1,-1
133,21,465.1,225.1,65.7,98.2,0.86,1,-1,-1
133,26,579.9,250.0,4.1,8.8,0.75,1,-1,-1
134,1,55.0,220.8,11.1,33.6,0.82,1,-1,-1
134,14,60.9,226.6,17.7,42.9,0.85,1,-1,-1
134,21,478.3,228.0,67.8,97.1,0.91,1,-1,-1
134,26,579.8,249.8,4.0,7.4,0.66,1,-1,-1
135,1,54.7,220.4,10.8,34.4,0.83,1,-1,-1
135,14,61.5,225.8,18.2,44.0,0.85,1,-1,-1
135,21,500.5,224.2,65.7,105.4,0.89,1,-1,-1
136,1,54.8,220.2,10.6,34.3,0.84,1,-1,-1
136,14,62.0,225.2,19.2,44.8,0.85,1,-1,-1
136,21,515.7,224.5,64.2,109.4,0.89,1,-1,-1
137,1,54.2,220.3,10.9,34.5,0.84,1,-1,-1
137,14,63.9,226.1,18.3,43.5,0.86,1,-1,-1
137,21,538.5,224.7,63.3,112.7,0.93,1,-1,-1
138,1,53.8,221.2,11.1,33.1,0.87,1,-1,-1
138,14,64.2,226.1,19.1,44.7,0.86,1,-1,-1
138,21,557.5,223.8,62.1,112.2,0.92,1,-1,-1
139,1,53.5,221.2,10.9,34.1,0.87,1,-1,-1
139,14,64.6,225.3,19.5,46.6,0.86,1,-1,-1
139,21,579.7,223.1,60.3,109.8,0.90,1,-1,-1
140,1,53.5,220.6,10.1,33.8,0.86,1,-1,-1
140,14,65.7,224.4,19.7,47.8,0.87,1,-1,-1
140,21,601.1,224.8,38.4,110.6,0.86,1,-1,-1
141,1,52.8,220.6,10.6,33.1,0.87,1,-1,-1
141,14,66.3,225.2,20.0,46.2,0.88,1,-1,-1
141,21,612.1,218.4,27.6,117.5,0.77,1,-1,-1
142,1,51.9,221.2,10.8,32.1,0.87,1,-1,-1
142,14,67.3,225.7,20.1,45.2,0.89,1,-1,-1
142,33,576.1,243.1,3.9,4.3,0.65,1,-1,-1
143,1,51.3,221.3,10.5,33.1,0.86,1,-1,-1
143,14,68.7,225.5,20.3,46.6,0.88,1,-1,-1
143,33,576.0,242.3,4.0,4.5,0.68,1,-1,-1
144,1,51.1,220.8,9.8,32.4,0.81,1,-1,-1
144,14,69.7,224.2,22.4,48.6,0.88,1,-1,-1
144,33,575.7,242.0,4.3,4.8,0.68,1,-1,-1
145,1,51.0,220.2,9.6,32.3,0.82,1,-1,-1
145,14,70.6,224.1,21.6,49.2,0.87,1,-1,-1
145,33,575.6,241.8,4.4,5.0,0.69,1,-1,-1
146,1,50.2,220.6,9.9,31.1,0.84,1,-1,-1
146,14,71.2,225.5,22.8,47.5,0.87,1,-1,-1
146,33,575.2,241.5,4.9,5.4,0.69,1,-1,-1
147,1,49.9,221.4,9.8,30.4,0.84,1,-1,-1
147,14,71.6,225.9,22.9,48.6,0.87,1,-1,-1
147,33,575.1,241.6,4.9,5.4,0.69,1,-1,-1
148,1,49.6,221.6,9.5,30.3,0.84,1,-1,-1
148,14,73.2,224.3,21.4,50.1,0.89,1,-1,-1
148,33,574.8,241.8,5.2,5.5,0.64,1,-1,-1
149,1,49.2,220.9,9.2,31.2,0.82,1,-1,-1
149,14,74.5,224.1,21.8,50.9,0.90,1,-1,-1
149,33,574.5,242.1,5.5,5.4,0.53,1,-1,-1
149,34,75.4,227.2,5.2,14.2,0.65,1,-1,-1
150,1,49.0,220.3,9.1,30.9,0.82,1,-1,-1
150,14,75.3,224.7,22.8,50.4,0.88,1,-1,-1
150,33,574.1,242.1,5.9,4.9,0.41,1,-1,-1
150,34,75.8,227.3,4.7,13.7,0.75,1,-1,-1
151,1,48.4,221.2,9.3,29.6,0.83,1,-1,-1
151,14,77.2,225.8,24.2,49.9,0.88,1,-1,-1
151,33,572.0,241.6,5.8,4.6,0.57,1,-1,-1
151,34,76.0,227.6,4.2,12.9,0.76,1,-1,-1
152,1,47.9,221.8,9.2,29.7,0.84,1,-1,-1
152,14,78.1,224.6,25.3,51.3,0.88,1,-1,-1
152,33,572.0,241.2,5.5,4.8,0.62,1,-1,-1
152,34,76.0,227.4,4.4,13.3,0.75,1,-1,-1
153,1,47.6,221.5,9.1,29.3,0.85,1,-1,-1
153,14,79.2,223.7,25.2,52.5,0.89,1,-1,-1
153,33,572.0,240.8,5.3,5.0,0.62,1,-1,-1
153,34,76.0,227.2,4.6,13.5,0.74,1,-1,-1
154,1,47.3,220.8,8.9,29.6,0.84,1,-1,-1
154,14,80.2,224.2,25.5,52.4,0.90,1,-1,-1
154,33,572.0,240.6,5.2,5.2,0.62,1,-1,-1
154,34,76.0,227.2,4.7,13.4,0.73,1,-1,-1
155,1,46.5,220.7,9.6,29.5,0.83,1,-1,-1
155,14,81.1,225.7,25.6,51.5,0.91,1,-1,-1
155,33,572.0,240.6,5.2,5.3,0.64,1,-1,-1
155,34,76.0,227.1,5.2,13.6,0.71,1,-1,-1
156,1,46.2,221.8,9.4,28.1,0.83,1,-1,-1
156,14,81.8,225.2,25.9,53.8,0.91,1,-1,-1
156,33,572.0,240.5,5.2,5.4,0.65,1,-1,-1
156,34,76.0,227.3,5.2,13.4,0.69,1,-1,-1
157,1,46.1,222.4,8.8,27.7,0.83,1,-1,-1
157,14,83.0,223.6,25.9,55.6,0.90,1,-1,-1
157,33,572.0,240.3,5.0,5.5,0.65,1,-1,-1
157,34,76.0,227.2,5.2,13.4,0.70,1,-1,-1
158,1,45.8,222.0,8.2,28.0,0.82,1,-1,-1
158,14,86.0,223.8,24.7,55.2,0.90,1,-1,-1
158,33,572.0,240.1,4.8,5.5,0.65,1,-1,-1
158,34,76.0,227.1,5.3,13.3,0.68,1,-1,-1
159,1,46.0,221.6,7.4,28.3,0.80,1,-1,-1
159,14,87.8,224.9,24.7,54.5,0.90,1,-1,-1
159,33,572.0,240.1,4.6,5.4,0.68,1,-1,-1
159,34,76.0,226.9,5.7,13.4,0.66,1,-1,-1
160,1,45.7,221.9,7.6,27.4,0.80,1,-1,-1
160,14,89.2,225.7,25.1,54.5,0.90,1,-1,-1
160,33,572.0,240.1,4.2,5.0,0.71,1,-1,-1
160,34,76.0,227.0,5.7,13.1,0.63,1,-1,-1
161,1,45.3,222.3,7.2,27.2,0.78,1,-1,-1
161,14,90.6,224.1,25.7,56.7,0.91,1,-1,-1
161,33,572.0,240.2,3.7,5.1,0.72,1,-1,-1
161,34,76.0,227.1,5.7,12.8,0.60,1,-1,-1
162,1,45.2,222.6,6.9,27.1,0.76,1,-1,-1
162,14,92.1,223.0,26.3,58.5,0.92,1,-1,-1
162,33,571.3,239.9,3.3,5.4,0.78,1,-1,-1
162,34,76.0,227.0,6.1,12.9,0.52,1,-1,-1
163,1,45.2,222.5,6.8,26.9,0.67,1,-1,-1
163,14,93.7,223.7,28.2,57.5,0.91,1,-1,-1
163,33,570.2,239.7,3.5,6.4,0.79,1,-1,-1
163,34,77.8,226.6,6.2,13.5,0.51,1,-1,-1
164,1,45.4,222.4,6.6,26.6,0.56,1,-1,-1
164,14,95.0,224.8,29.5,58.4,0.90,1,-1,-1
164,33,569.2,239.7,3.9,6.9,0.80,1,-1,-1
164,34,78.2,226.7,5.8,13.4,0.64,1,-1,-1
165,1,45.2,223.2,6.8,25.0,0.37,1,-1,-1
165,14,97.6,224.1,27.2,59.5,0.91,1,-1,-1
165,33,568.6,239.7,4.2,6.9,0.78,1,-1,-1
165,34,78.4,226.6,5.6,13.4,0.73,1,-1,-1
166,1,45.3,224.0,6.7,24.3,0.33,1,-1,-1
166,14,99.3,222.8,26.8,61.1,0.91,1,-1,-1
166,33,568.4,239.7,4.1,6.9,0.78,1,-1,-1
166,34,78.5,226.7,5.5,13.6,0.76,1,-1,-1
167,1,45.3,224.2,6.7,23.2,0.26,1,-1,-1
167,14,102.2,222.7,26.5,61.5,0.89,1,-1,-1
167,33,568.2,239.8,4.1,6.8,0.75,1,-1,-1
167,34,79.0,226.5,5.0,13.7,0.80,1,-1,-1
168,1,44.9,224.4,7.1,24.0,0.17,1,-1,-1
168,14,104.8,224.0,28.0,61.0,0.90,1,-1,-1
168,33,568.1,240.0,4.1,6.8,0.73,1,-1,-1
168,34,79.2,226.3,4.8,13.9,0.82,1,-1,-1
169,1,43.9,224.2,6.3,23.9,0.57,1,-1,-1
169,14,106.6,224.8,29.5,62.2,0.90,1,-1,-1
169,33,568.0,239.9,4.2,6.8,0.74,1,-1,-1
169,34,79.2,226.2,5.0,14.1,0.82,1,-1,-1
170,1,42.5,224.1,7.2,24.3,0.64,1,-1,-1
170,14,108.7,223.8,29.9,64.5,0.90,1,-1,-1
170,33,567.9,239.8,4.2,6.6,0.75,1,-1,-1
170,34,79.7,226.4,4.7,13.6,0.81,1,-1,-1
171,1,42.1,224.3,7.2,23.9,0.67,1,-1,-1
171,14,110.7,222.8,30.3,65.2,0.91,1,-1,-1
171,33,567.9,239.8,4.2,6.8,0.75,1,-1,-1
171,34,80.0,226.7,4.6,13.3,0.81,1,-1,-1
172,1,41.8,225.5,6.6,22.0,0.13,1,-1,-1
172,14,111.8,223.6,30.2,65.3,0.90,1,-1,-1
172,33,567.9,239.6,4.1,7.0,0.76,1,-1,-1
172,34,80.4,226.6,4.5,13.4,0.81,1,-1,-1
173,1,40.1,224.9,7.1,21.3,0.29,1,-1,-1
173,14,113.1,225.0,32.2,65.5,0.91,1,-1,-1
173,33,567.8,239.7,4.2,6.8,0.76,1,-1,-1
173,34,80.8,226.3,4.6,13.7,0.83,1,-1,-1
174,1,39.7,224.7,6.4,20.4,0.27,1,-1,-1
174,14,115.3,224.6,31.4,66.9,0.91,1,-1,-1
174,33,567.9,239.8,4.2,6.5,0.74,1,-1,-1
174,34,81.4,226.4,4.5,13.8,0.82,1,-1,-1
175,1,39.4,225.3,5.5,19.7,0.27,1,-1,-1
175,14,120.3,223.0,29.6,69.0,0.89,1,-1,-1
175,33,567.9,239.8,4.1,6.0,0.71,1,-1,-1
175,34,81.8,226.6,4.4,13.6,0.82,1,-1,-1
176,1,39.3,225.2,5.4,20.5,0.34,1,-1,-1
176,14,122.8,223.1,29.1,69.3,0.91,1,-1,-1
176,33,567.9,239.7,4.1,6.0,0.71,1,-1,-1
176,34,82.0,226.8,4.3,13.6,0.82,1,-1,-1
177,1,38.8,225.2,4.0,20.7,0.39,1,-1,-1
177,14,126.2,224.5,29.1,68.5,0.90,1,-1,-1
177,33,567.9,239.8,4.1,6.0,0.71,1,-1,-1
177,34,82.5,226.8,4.3,13.4,0.81,1,-1,-1
178,1,37.9,226.1,4.4,18.5,0.37,1,-1,-1
178,14,128.7,224.9,30.6,70.2,0.91,1,-1,-1
178,33,568.0,239.7,4.0,6.2,0.71,1,-1,-1
178,34,82.6,226.7,4.7,13.8,0.82,1,-1,-1
179,1,37.6,225.2,4.3,19.4,0.48,1,-1,-1
179,14,130.2,223.2,31.1,72.6,0.91,1,-1,-1
179,33,567.9,239.8,4.1,6.1,0.70,1,-1,-1
179,34,82.8,226.7,4.8,13.6,0.81,1,-1,-1
180,1,36.0,226.2,5.9,19.5,0.24,1,-1,-1
180,14,131.0,222.9,33.9,73.6,0.92,1,-1,-1
180,33,567.8,239.7,4.2,6.3,0.71,1,-1,-1
180,34,83.1,227.0,4.7,13.4,0.80,1,-1,-1
181,1,36.0,225.8,6.1,20.3,0.22,1,-1,-1
181,14,131.8,223.8,36.0,72.7,0.93,1,-1,-1
181,33,567.7,239.8,4.3,6.5,0.70,1,-1,-1
181,34,83.3,226.9,4.7,13.5,0.79,1,-1,-1
182,1,37.4,223.7,4.8,22.9,0.60,1,-1,-1
182,14,133.6,225.2,36.9,74.5,0.92,1,-1,-1
182,33,567.6,239.7,4.4,6.7,0.71,1,-1,-1
182,34,83.5,226.8,4.9,13.9,0.79,1,-1,-1
183,1,37.0,222.9,5.2,23.0,0.66,1,-1,-1
183,14,136.7,224.3,35.4,75.9,0.92,1,-1,-1
183,33,567.8,239.8,4.2,6.5,0.71,1,-1,-1
183,34,83.8,226.7,4.9,13.9,0.77,1,-1,-1
184,1,37.1,223.5,4.8,21.1,0.56,1,-1,-1
184,14,141.5,223.1,32.5,78.0,0.92,1,-1,-1
184,33,567.9,239.6,4.1,6.6,0.73,1,-1,-1
184,34,84.0,226.6,5.1,14.1,0.75,1,-1,-1
185,1,37.1,223.7,4.9,19.8,0.57,1,-1,-1
185,14,144.9,223.3,30.9,78.8,0.91,1,-1,-1
185,33,568.0,239.6,4.0,6.7,0.71,1,-1,-1
185,34,84.5,226.7,4.8,13.8,0.76,1,-1,-1
186,1,37.0,223.8,4.7,18.2,0.52,1,-1,-1
186,14,147.1,223.9,31.2,79.0,0.91,1,-1,-1
186,33,568.0,239.5,4.0,7.1,0.73,1,-1,-1
186,34,84.7,226.9,4.7,13.6,0.76,1,-1,-1
187,1,36.7,223.3,5.0,18.8,0.53,1,-1,-1
187,14,149.8,224.8,31.8,80.1,0.91,1,-1,-1
187,33,568.0,239.3,4.1,6.8,0.73,1,-1,-1
187,34,84.7,226.8,4.8,13.7,0.77,1,-1,-1
188,1,36.4,223.1,5.1,20.3,0.61,1,-1,-1
188,14,150.6,224.6,35.0,80.6,0.93,1,-1,-1
188,33,568.4,239.8,3.9,5.4,0.74,1,-1,-1
188,34,84.8,226.9,4.9,13.7,0.77,1,-1,-1
189,1,36.0,223.0,5.0,19.0,0.45,1,-1,-1
189,14,151.2,223.1,38.2,82.8,0.93,1,-1,-1
189,33,568.2,239.7,4.7,6.0,0.76,1,-1,-1
189,34,84.9,227.0,4.9,13.7,0.77,1,-1,-1
190,1,36.1,223.2,4.6,15.6,0.34,1,-1,-1
190,14,151.7,223.7,42.2,83.9,0.93,1,-1,-1
190,33,568.8,238.9,4.2,6.2,0.78,1,-1,-1
190,34,85.0,227.1,4.9,13.6,0.77,1,-1,-1
191,1,35.8,223.4,4.3,13.6,0.15,1,-1,-1
191,14,152.0,225.5,46.8,83.5,0.93,1,-1,-1
191,33,569.0,238.7,4.1,5.4,0.22,1,-1,-1
191,34,85.1,227.2,5.0,13.5,0.78,1,-1,-1
192,14,157.5,225.2,43.4,86.2,0.93,1,-1,-1
192,33,569.5,238.5,3.9,5.6,0.35,1,-1,-1
192,34,85.2,227.0,5.2,13.8,0.79,1,-1,-1
193,14,164.0,224.6,38.2,87.3,0.93,1,-1,-1
193,33,570.2,238.7,3.9,5.4,0.29,1,-1,-1
193,34,85.4,226.9,5.2,13.8,0.79,1,-1,-1
194,14,172.3,224.9,34.6,88.9,0.92,1,-1,-1
194,34,85.8,226.9,4.9,13.8,0.80,1,-1,-1
195,14,174.8,227.0,35.0,87.8,0.92,1,-1,-1
195,33,569.1,238.7,4.2,6.2,0.71,1,-1,-1
195,34,86.0,227.1,4.8,13.6,0.80,1,-1,-1
196,14,176.6,227.2,37.3,89.3,0.92,1,-1,-1
196,33,569.2,239.0,3.9,5.7,0.74,1,-1,-1
196,34,86.2,227.3,4.7,13.4,0.80,1,-1,-1
197,14,179.7,226.1,39.7,90.8,0.93,1,-1,-1
197,33,568.8,239.0,4.1,5.7,0.77,1,-1,-1
197,34,86.4,227.2,4.8,13.4,0.79,1,-1,-1
198,14,182.6,224.7,43.2,92.6,0.93,1,-1,-1
198,33,568.8,238.9,4.2,6.2,0.75,1,-1,-1
198,34,86.5,227.1,4.8,13.8,0.79,1,-1,-1
199,14,186.9,227.1,47.4,92.6,0.93,1,-1,-1
199,33,568.5,238.4,4.6,7.7,0.72,1,-1,-1
199,34,86.9,226.7,5.1,14.1,0.80,1,-1,-1
200,14,190.6,228.0,47.3,95.7,0.93,1,-1,-1
200,33,568.7,238.7,4.5,7.1,0.78,1,-1,-1
200,34,87.2,226.8,5.0,14.2,0.82,1,-1,-1
201,14,195.3,226.9,45.2,97.1,0.93,1,-1,-1
201,33,569.6,239.6,3.8,5.9,0.76,1,-1,-1
201,34,87.5,226.9,4.8,14.1,0.82,1,-1,-1
202,14,201.5,225.7,42.5,98.5,0.93,1,-1,-1
202,33,569.6,239.3,4.0,6.1,0.77,1,-1,-1
202,34,88.0,226.7,4.7,14.2,0.83,1,-1,-1
203,14,207.8,225.1,41.9,101.3,0.93,1,-1,-1
203,33,570.0,239.3,3.9,5.9,0.73,1,-1,-1
203,34,88.3,226.6,4.8,14.2,0.85,1,-1,-1
204,14,212.1,227.2,40.7,101.8,0.92,1,-1,-1
204,33,570.2,239.6,4.1,5.7,0.71,1,-1,-1
204,34,88.7,226.6,4.6,14.3,0.85,1,-1,-1
205,14,214.4,227.6,42.0,104.0,0.93,1,-1,-1
205,33,570.4,239.7,3.9,5.4,0.65,1,-1,-1
205,34,89.0,226.9,4.4,14.1,0.85,1,-1,-1
206,14,218.1,226.1,44.5,105.9,0.93,1,-1,-1
206,33,570.5,239.7,4.0,5.7,0.69,1,-1,-1
206,34,89.2,226.9,4.6,14.3,0.85,1,-1,-1
207,14,223.2,224.7,49.5,107.5,0.93,1,-1,-1
207,33,570.8,239.6,4.2,6.5,0.70,1,-1,-1
207,34,89.7,226.9,4.7,14.0,0.85,1,-1,-1
208,14,226.1,225.3,54.3,111.6,0.94,1,-1,-1
208,33,571.1,239.8,4.2,5.9,0.70,1,-1,-1
208,34,89.8,226.9,4.9,14.2,0.85,1,-1,-1
209,14,228.8,227.4,57.5,112.2,0.94,1,-1,-1
209,33,571.3,239.9,4.3,5.9,0.68,1,-1,-1
209,34,90.3,226.9,4.9,13.8,0.85,1,-1,-1
210,14,236.6,228.5,53.6,114.0,0.94,1,-1,-1
210,33,571.3,240.3,4.1,6.0,0.64,1,-1,-1
210,34,90.8,227.2,4.7,13.8,0.83,1,-1,-1
211,14,242.2,226.9,49.5,115.8,0.94,1,-1,-1
211,33,571.5,239.8,4.4,5.9,0.57,1,-1,-1
211,34,91.1,227.3,4.9,13.8,0.81,1,-1,-1
212,14,250.6,225.1,48.7,119.9,0.92,1,-1,-1
212,33,571.8,239.3,4.6,6.4,0.57,1,-1,-1
212,34,91.8,227.0,4.8,14.0,0.78,1,-1,-1
213,14,256.3,227.6,51.8,120.5,0.93,1,-1,-1
213,33,571.7,239.7,4.6,5.7,0.58,1,-1,-1
213,34,92.0,226.6,5.4,14.2,0.73,1,-1,-1
214,14,260.8,229.2,49.3,121.6,0.92,1,-1,-1
214,33,571.9,239.7,4.5,5.1,0.54,1,-1,-1
214,34,92.0,226.6,5.8,14.3,0.64,1,-1,-1
215,14,266.2,228.6,51.3,123.5,0.92,1,-1,-1
215,33,571.7,239.6,4.8,5.6,0.54,1,-1,-1
215,34,92.0,226.7,6.3,14.7,0.58,1,-1,-1
215,44,25.2,223.1,3.7,5.2,0.59,1,-1,-1
216,14,271.3,226.6,55.9,125.4,0.93,1,-1,-1
216,33,572.0,240.1,5.0,5.1,0.66,1,-1,-1
216,34,92.0,226.7,6.5,14.7,0.51,1,-1,-1
216,44,24.7,223.1,4.0,5.3,0.63,1,-1,-1
217,14,276.1,226.0,62.5,132.0,0.93,1,-1,-1
217,33,572.0,240.4,5.5,5.0,0.55,1,-1,-1
217,34,92.0,226.8,6.8,14.6,0.34,1,-1,-1
217,44,24.6,223.3,4.1,5.3,0.66,1,-1,-1
217,45,44.0,224.9,5.2,19.2,0.61,1,-1,-1
218,14,282.4,228.8,64.9,132.3,0.94,1,-1,-1
218,33,572.0,240.9,5.4,4.9,0.56,1,-1,-1
218,34,93.8,226.9,6.2,14.4,0.61,1,-1,-1
218,44,24.2,223.6,4.2,5.5,0.64,1,-1,-1
218,45,44.0,224.1,5.8,21.1,0.66,1,-1,-1
219,14,291.7,229.9,63.5,135.4,0.93,1,-1,-1
219,33,572.0,241.2,5.9,4.7,0.48,1,-1,-1
219,34,94.1,226.8,5.9,14.7,0.75,1,-1,-1
219,44,23.4,223.7,4.7,5.5,0.67,1,-1,-1
219,45,44.0,223.9,6.2,22.3,0.67,1,-1,-1
220,14,305.5,226.5,55.1,139.2,0.92,1,-1,-1
220,33,572.0,241.5,6.1,5.4,0.49,1,-1,-1
220,34,94.7,226.9,5.3,14.7,0.76,1,-1,-1
220,44,23.2,223.2,4.8,5.6,0.69,1,-1,-1
220,45,44.0,223.2,6.6,23.6,0.63,1,-1,-1
221,14,311.3,225.1,59.3,142.0,0.91,1,-1,-1
221,33,572.0,241.9,6.5,4.9,0.43,1,-1,-1
221,34,95.1,226.8,4.9,14.4,0.81,1,-1,-1
221,44,23.1,223.1,4.9,5.3,0.65,1,-1,-1
221,45,44.0,222.8,7.0,24.6,0.61,1,-1,-1
222,14,315.9,226.9,72.9,143.2,0.93,1,-1,-1
222,33,572.0,242.0,6.4,4.6,0.42,1,-1,-1
222,34,95.5,226.6,4.8,14.5,0.83,1,-1,-1
222,44,23.0,223.3,5.0,5.1,0.54,1,-1,-1
222,45,44.0,220.5,7.5,29.1,0.56,1,-1,-1
223,14,324.1,228.2,66.6,145.3,0.94,1,-1,-1
223,33,572.0,242.2,6.6,4.6,0.36,1,-1,-1
223,34,96.0,226.6,4.5,14.6,0.83,1,-1,-1
223,44,23.1,223.4,4.9,5.0,0.52,1,-1,-1
223,45,44.7,219.2,7.3,31.2,0.71,1,-1,-1
224,14,336.2,227.7,59.0,146.2,0.92,1,-1,-1
224,34,96.4,226.7,4.6,14.4,0.84,1,-1,-1
224,44,23.0,223.2,5.0,5.2,0.51,1,-1,-1
224,45,44.9,219.1,7.5,31.8,0.79,1,-1,-1
225,14,344.8,225.4,62.0,148.8,0.92,1,-1,-1
225,33,575.1,243.2,4.9,5.8,0.50,1,-1,-1
225,34,96.6,226.8,4.6,14.6,0.84,1,-1,-1
225,44,22.8,223.0,5.2,5.3,0.52,1,-1,-1
225,45,45.2,218.8,7.7,32.1,0.80,1,-1,-1
226,14,352.2,225.9,67.5,152.4,0.92,1,-1,-1
226,33,575.3,243.5,4.7,5.9,0.50,1,-1,-1
226,34,96.7,226.8,4.7,14.6,0.85,1,-1,-1
226,44,22.9,222.9,5.1,5.3,0.47,1,-1,-1
226,45,45.5,218.5,7.7,32.5,0.80,1,-1,-1
227,14,363.0,227.1,70.0,155.0,0.93,1,-1,-1
227,33,575.5,243.8,4.5,6.6,0.50,1,-1,-1
227,34,97.1,226.6,5.1,14.6,0.85,1,-1,-1
227,44,23.4,223.5,4.6,4.6,0.34,1,-1,-1
227,45,46.0,218.7,7.5,32.6,0.78,1,-1,-1
228,14,371.1,226.3,64.0,155.9,0.93,1,-1,-1
228,33,575.7,243.9,4.4,6.6,0.36,1,-1,-1
228,34,97.4,226.6,5.6,15.0,0.86,1,-1,-1
228,44,22.8,223.5,5.2,4.6,0.35,1,-1,-1
228,45,46.5,219.0,7.6,32.2,0.80,1,-1,-1
229,14,380.7,224.2,61.1,158.4,0.92,1,-1,-1
229,33,575.7,243.9,4.3,7.0,0.10,1,-1,-1
229,34,97.7,226.6,5.5,14.6,0.85,1,-1,-1
229,44,22.5,223.4,5.5,4.8,0.37,1,-1,-1
229,45,46.9,219.1,7.8,32.4,0.80,1,-1,-1
230,14,391.0,219.2,63.1,162.4,0.92,1,-1,-1
230,34,98.0,226.7,5.4,14.8,0.85,1,-1,-1
230,44,22.4,223.1,5.6,5.2,0.38,1,-1,-1
230,45,47.4,218.4,8.5,33.4,0.78,1,-1,-1
231,14,399.3,222.6,74.5,160.3,0.92,1,-1,-1
231,34,98.4,226.5,5.4,15.1,0.84,1,-1,-1
231,44,22.6,223.3,5.4,4.9,0.36,1,-1,-1
231,45,47.5,218.3,9.0,34.1,0.77,1,-1,-1
232,14,405.3,226.7,78.2,156.6,0.93,1,-1,-1
232,34,98.9,226.2,5.2,15.4,0.84,1,-1,-1
232,44,22.9,223.4,5.1,4.8,0.31,1,-1,-1
232,45,47.7,218.6,9.6,34.3,0.80,1,-1,-1
233,14,414.0,225.7,72.8,158.0,0.91,1,-1,-1
233,34,99.4,226.0,5.0,15.7,0.83,1,-1,-1
233,44,22.8,223.3,5.2,4.9,0.30,1,-1,-1
233,45,48.0,219.1,9.7,33.5,0.81,1,-1,-1
234,14,428.3,225.1,63.7,158.4,0.92,1,-1,-1
234,34,99.8,226.0,5.1,15.7,0.81,1,-1,-1
234,44,22.3,223.1,5.7,5.1,0.21,1,-1,-1
234,45,48.1,218.8,10.0,33.5,0.81,1,-1,-1
235,14,437.8,225.8,66.0,157.8,0.92,1,-1,-1
235,34,100.2,226.2,5.1,15.7,0.77,1,-1,-1
235,44,21.9,223.1,6.1,5.1,0.13,1,-1,-1
235,45,48.4,218.0,9.9,34.7,0.82,1,-1,-1
236,14,444.8,226.9,66.9,158.6,0.92,1,-1,-1
236,33,579.3,247.8,3.9,9.7,0.69,1,-1,-1
236,34,100.3,226.2,5.0,15.6,0.78,1,-1,-1
236,44,22.6,223.4,5.5,4.7,0.13,1,-1,-1
236,45,48.5,217.7,10.0,35.4,0.81,1,-1,-1
237,14,453.8,225.1,71.6,162.4,0.93,1,-1,-1
237,33,579.8,248.2,4.4,11.5,0.77,1,-1,-1
237,34,100.6,226.2,5.2,15.5,0.79,1,-1,-1
237,45,48.8,217.9,9.9,34.8,0.80,1,-1,-1
238,14,455.5,226.3,72.6,159.8,0.93,1,-1,-1
238,33,580.0,248.5,5.1,12.7,0.79,1,-1,-1
238,34,100.7,226.1,5.6,15.8,0.80,1,-1,-1
238,45,49.3,218.4,9.4,32.1,0.79,1,-1,-1
239,14,459.0,223.7,79.4,163.8,0.94,1,-1,-1
239,33,580.0,248.3,6.6,13.8,0.76,1,-1,-1
239,34,101.0,226.1,5.6,15.9,0.80,1,-1,-1
239,45,49.1,218.6,9.5,31.2,0.79,1,-1,-1
240,14,468.0,223.2,79.9,163.7,0.93,1,-1,-1
240,33,581.6,248.6,6.3,13.7,0.64,1,-1,-1
240,34,101.3,226.5,5.6,15.6,0.79,1,-1,-1
240,45,48.5,218.2,9.9,31.9,0.80,1,-1,-1
241,14,477.3,222.0,73.5,165.0,0.93,1,-1,-1
241,33,582.7,248.9,5.3,12.0,0.67,1,-1,-1
241,34,101.6,226.5,5.7,15.7,0.78,1,-1,-1
241,45,48.6,218.1,9.8,26.9,0.79,1,-1,-1
242,14,477.9,222.4,72.8,164.3,0.93,1,-1,-1
242,33,583.4,248.3,5.0,13.9,0.77,1,-1,-1
242,34,102.4,225.8,5.6,16.6,0.80,1,-1,-1
242,45,49.3,218.1,9.1,24.4,0.76,1,-1,-1
243,14,479.8,223.4,70.6,163.3,0.93,1,-1,-1
243,33,584.0,248.2,5.2,14.1,0.77,1,-1,-1
243,34,103.1,225.6,5.1,16.4,0.82,1,-1,-1
243,45,50.1,218.4,6.3,14.9,0.72,1,-1,-1
244,14,481.7,223.0,67.4,162.8,0.93,1,-1,-1
244,33,584.2,248.6,5.3,13.4,0.76,1,-1,-1
244,34,103.3,225.6,5.0,16.6,0.84,1,-1,-1
244,45,50.1,218.5,6.0,13.0,0.70,1,-1,-1
245,14,483.6,223.2,65.7,161.4,0.93,1,-1,-1
245,33,584.5,250.7,5.4,11.5,0.73,1,-1,-1
245,34,103.5,225.7,5.0,16.4,0.84,1,-1,-1
245,45,51.1,218.2,5.5,8.6,0.69,1,-1,-1
246,14,483.2,223.3,67.1,160.2,0.93,1,-1,-1
246,33,587.6,248.8,5.2,13.1,0.73,1,-1,-1
246,34,103.9,226.0,5.1,16.1,0.84,1,-1,-1
247,14,482.8,223.4,67.9,159.9,0.92,1,-1,-1
247,33,587.9,248.2,5.8,14.0,0.73,1,-1,-1
247,34,103.9,225.8,5.5,16.6,0.83,1,-1,-1
248,14,483.5,223.9,67.6,159.1,0.93,1,-1,-1
248,33,588.0,248.3,6.5,13.8,0.69,1,-1,-1
248,34,103.8,225.9,5.9,16.8,0.83,1,-1,-1
249,14,484.6,223.7,66.7,159.8,0.93,1,-1,-1
249,33,589.5,248.3,6.5,13.6,0.60,1,-1,-1
249,34,103.9,226.1,5.9,13.1,0.75,1,-1,-1
250,14,485.3,222.9,66.4,160.7,0.93,1,-1,-1
250,33,590.6,248.4,5.4,12.8,0.78,1,-1,-1
251,14,485.6,222.4,66.5,161.2,0.93,1,-1,-1
251,33,591.5,248.4,5.1,12.8,0.82,1,-1,-1
252,14,485.7,222.0,66.6,161.6,0.93,1,-1,-1
252,33,592.3,248.6,5.1,12.8,0.81,1,-1,-1
253,14,486.3,221.8,66.3,161.9,0.94,1,-1,-1
253,33,592.9,248.5,5.3,13.2,0.80,1,-1,-1
254,14,486.6,221.9,66.4,161.8,0.93,1,-1,-1
254,33,593.6,248.5,5.7,13.1,0.79,1,-1,-1
255,14,486.7,221.8,66.7,161.9,0.94,1,-1,-1
255,33,594.2,248.7,5.9,13.3,0.79,1,-1,-1
256,14,486.8,221.9,66.8,161.8,0.94,1,-1,-1
256,33,595.0,249.1,6.2,13.0,0.78,1,-1,-1
257,14,486.9,222.3,66.9,161.3,0.94,1,-1,-1
257,33,596.0,249.1,6.3,12.9,0.74,1,-1,-1
258,14,486.9,222.4,66.9,161.2,0.94,1,-1,-1
258,33,596.0,249.0,6.7,13.0,0.51,1,-1,-1
259,14,486.9,222.6,66.9,161.0,0.94,1,-1,-1
259,33,597.9,248.8,6.1,13.3,0.77,1,-1,-1
260,14,487.1,222.6,66.8,161.1,0.94,1,-1,-1
260,33,599.0,248.6,5.2,12.8,0.81,1,-1,-1
261,14,487.1,222.5,66.8,161.1,0.94,1,-1,-1
261,33,599.4,248.7,5.1,12.8,0.80,1,-1,-1
261,45,34.1,218.9,10.2,36.9,0.78,1,-1,-1
262,14,487.1,222.3,66.8,161.3,0.94,1,-1,-1
262,33,600.2,249.0,5.2,12.5,0.80,1,-1,-1
262,45,33.1,218.9,10.6,37.0,0.82,1,-1,-1
263,14,487.3,222.1,66.7,161.5,0.93,1,-1,-1
263,33,601.1,249.2,5.8,12.4,0.77,1,-1,-1
263,45,31.9,218.8,10.4,37.4,0.81,1,-1,-1
264,14,487.3,222.0,66.6,161.5,0.93,1,-1,-1
264,33,602.3,249.3,5.4,13.2,0.80,1,-1,-1
264,34,108.0,225.8,6.4,17.6,0.75,1,-1,-1
264,45,30.9,218.8,10.9,38.2,0.82,1,-1,-1
265,14,487.3,222.2,66.6,161.3,0.93,1,-1,-1
265,33,603.0,249.6,5.7,14.3,0.80,1,-1,-1
265,34,108.0,225.8,6.5,18.4,0.72,1,-1,-1
265,45,30.0,218.7,10.3,38.4,0.81,1,-1,-1
266,14,487.2,222.2,66.6,161.2,0.93,1,-1,-1
266,33,603.9,250.3,5.8,13.4,0.75,1,-1,-1
266,34,108.0,226.0,6.8,18.5,0.66,1,-1,-1
266,45,28.7,218.8,9.5,38.3,0.83,1,-1,-1
267,14,486.7,222.0,67.1,161.3,0.93,1,-1,-1
267,33,604.0,250.5,6.1,12.6,0.65,1,-1,-1
267,34,108.0,225.8,6.9,18.5,0.59,1,-1,-1
267,45,27.8,219.3,9.6,37.5,0.82,1,-1,-1
268,14,485.4,221.9,68.3,161.4,0.92,1,-1,-1
268,33,604.0,250.4,6.8,12.2,0.41,1,-1,-1
268,34,109.4,225.7,6.6,18.4,0.70,1,-1,-1
268,45,26.6,219.7,9.1,38.0,0.73,1,-1,-1
269,14,485.4,223.6,68.1,160.4,0.93,1,-1,-1
269,33,606.3,250.0,5.7,13.4,0.67,1,-1,-1
269,34,109.6,225.9,6.4,18.5,0.76,1,-1,-1
269,45,25.2,219.3,10.3,38.2,0.82,1,-1,-1
270,14,486.4,222.6,72.9,160.9,0.92,1,-1,-1
270,33,606.8,249.8,5.2,13.8,0.77,1,-1,-1
270,34,110.0,225.9,6.1,18.7,0.84,1,-1,-1
270,45,23.9,218.2,10.7,38.2,0.82,1,-1,-1
271,14,486.9,222.4,66.1,161.0,0.89,1,-1,-1
271,33,607.2,249.9,4.9,13.6,0.80,1,-1,-1
271,34,110.5,226.1,5.8,18.3,0.85,1,-1,-1
271,45,23.1,218.2,10.7,38.7,0.81,1,-1,-1
272,14,486.3,223.5,66.5,160.7,0.92,1,-1,-1
272,33,607.7,250.1,4.9,12.6,0.83,1,-1,-1
272,34,111.1,225.9,5.7,18.4,0.85,1,-1,-1
272,45,22.1,218.2,11.1,38.4,0.82,1,-1,-1
273,14,486.2,222.4,67.7,160.8,0.90,1,-1,-1
273,33,607.8,250.0,5.2,13.0,0.82,1,-1,-1
273,34,111.8,225.7,5.5,18.3,0.85,1,-1,-1
273,45,21.2,218.0,11.2,38.1,0.81,1,-1,-1
274,14,486.5,224.2,64.9,159.7,0.91,1,-1,-1
274,33,608.3,249.9,4.9,12.5,0.83,1,-1,-1
274,34,112.3,225.6,5.4,18.5,0.84,1,-1,-1
274,45,20.2,218.5,11.4,38.3,0.84,1,-1,-1
275,14,486.5,224.7,65.3,159.4,0.92,1,-1,-1
275,33,608.9,249.9,4.7,10.1,0.78,1,-1,-1
275,34,112.8,225.9,5.4,18.5,0.84,1,-1,-1
275,45,18.6,219.0,12.0,37.5,0.85,1,-1,-1
276,14,486.0,224.8,65.9,159.0,0.92,1,-1,-1
276,34,113.3,226.1,5.6,18.2,0.85,1,-1,-1
276,45,17.3,218.2,11.6,37.5,0.81,1,-1,-1
277,14,485.2,221.2,66.9,162.3,0.92,1,-1,-1
277,34,113.8,226.0,5.8,18.4,0.85,1,-1,-1
277,45,16.8,217.8,10.5,37.4,0.80,1,-1,-1
278,14,485.5,222.0,70.3,161.4,0.91,1,-1,-1
278,34,114.0,225.9,6.3,18.6,0.85,1,-1,-1
278,45,16.0,217.9,10.3,38.9,0.80,1,-1,-1
279,14,485.7,221.0,67.0,162.6,0.93,1,-1,-1
279,34,114.6,226.1,6.4,18.7,0.81,1,-1,-1
279,45,13.7,218.0,11.1,40.2,0.77,1,-1,-1
280,14,485.6,220.5,66.1,162.8,0.92,1,-1,-1
280,34,115.2,226.2,6.7,18.6,0.84,1,-1,-1
280,45,12.4,218.4,11.0,40.3,0.80,1,-1,-1
281,14,485.7,220.8,66.0,162.6,0.93,1,-1,-1
281,34,115.8,226.0,6.7,18.7,0.84,1,-1,-1
281,45,11.7,218.3,10.8,39.7,0.83,1,-1,-1
282,14,485.8,220.9,66.1,162.7,0.94,1,-1,-1
282,34,116.4,225.5,6.2,18.6,0.78,1,-1,-1
282,45,11.3,217.9,10.6,40.2,0.82,1,-1,-1
283,14,485.8,221.0,66.0,162.6,0.94,1,-1,-1
283,33,612.0,251.0,6.4,12.6,0.62,1,-1,-1
283,34,117.1,225.6,6.0,18.7,0.79,1,-1,-1
283,45,10.3,218.4,10.8,40.2,0.79,1,-1,-1
284,14,485.7,221.2,66.2,162.5,0.94,1,-1,-1
284,33,612.0,251.0,6.7,13.4,0.47,1,-1,-1
284,34,118.2,225.3,5.9,19.2,0.84,1,-1,-1
284,45,9.6,217.7,11.0,41.3,0.82,1,-1,-1
285,14,485.6,221.4,66.2,162.3,0.94,1,-1,-1
285,33,615.0,250.7,5.1,13.4,0.79,1,-1,-1
285,34,118.7,225.8,5.8,18.8,0.86,1,-1,-1
285,45,8.7,217.5,11.1,41.7,0.81,1,-1,-1
286,14,485.5,221.4,66.4,162.2,0.94,1,-1,-1
286,33,615.9,250.8,4.5,13.3,0.81,1,-1,-1
286,34,119.4,226.1,5.7,18.5,0.85,1,-1,-1
286,45,8.4,218.2,11.0,40.8,0.81,1,-1,-1
287,14,485.5,221.4,66.3,162.2,0.94,1,-1,-1
287,33,616.2,250.8,5.0,13.1,0.80,1,-1,-1
287,34,119.8,225.9,5.9,18.8,0.84,1,-1,-1
287,45,8.1,218.1,10.9,40.9,0.80,1,-1,-1
288,14,485.4,221.5,66.4,162.1,0.93,1,-1,-1
288,33,616.9,251.3,5.2,12.9,0.70,1,-1,-1
288,34,120.7,225.8,6.2,19.0,0.83,1,-1,-1
288,45,7.7,217.6,11.0,40.9,0.80,1,-1,-1
289,14,485.5,221.3,66.4,162.2,0.93,1,-1,-1
289,33,619.0,251.3,4.5,10.4,0.52,1,-1,-1
289,34,121.0,225.8,7.2,19.5,0.80,1,-1,-1
289,45,7.8,217.3,10.7,41.1,0.79,1,-1,-1
290,14,485.5,221.4,66.4,162.2,0.93,1,-1,-1
290,34,121.2,226.0,7.4,19.2,0.80,1,-1,-1
290,45,7.9,217.5,10.5,40.6,0.78,1,-1,-1
291,14,485.5,221.4,66.4,162.1,0.93,1,-1,-1
291,34,122.4,226.2,6.8,19.4,0.82,1,-1,-1
291,45,8.1,217.8,10.5,41.0,0.79,1,-1,-1
292,14,485.6,221.8,66.4,161.9,0.93,1,-1,-1
292,34,123.0,225.7,6.9,19.8,0.84,1,-1,-1
292,45,8.0,217.8,10.7,41.4,0.79,1,-1,-1
293,14,485.8,221.8,66.3,161.7,0.93,1,-1,-1
293,34,123.9,225.3,6.5,19.3,0.83,1,-1,-1
293,45,8.2,217.0,10.9,41.5,0.79,1,-1,-1
294,14,485.8,221.1,66.2,161.9,0.93,1,-1,-1
294,34,124.0,224.8,6.9,19.5,0.73,1,-1,-1
294,45,8.5,216.9,10.8,40.8,0.79,1,-1,-1
295,14,486.0,221.8,66.2,161.6,0.93,1,-1,-1
295,33,624.8,251.8,4.2,12.5,0.59,1,-1,-1
295,34,125.0,226.1,7.0,19.0,0.64,1,-1,-1
295,45,8.5,217.3,11.0,41.3,0.80,1,-1,-1
296,14,485.8,221.9,66.4,161.7,0.93,1,-1,-1
296,33,625.7,251.4,4.6,13.7,0.74,1,-1,-1
296,34,125.2,226.2,6.8,19.1,0.74,1,-1,-1
296,45,8.5,216.7,11.2,42.0,0.81,1,-1,-1
297,14,485.8,221.7,66.5,161.6,0.93,1,-1,-1
297,33,626.8,251.2,4.5,13.0,0.74,1,-1,-1
297,34,125.9,225.2,6.2,20.4,0.85,1,-1,-1
297,45,7.3,216.1,12.3,41.9,0.81,1,-1,-1
298,14,486.0,221.8,66.7,161.3,0.93,1,-1,-1
298,33,627.0,251.4,5.8,13.0,0.76,1,-1,-1
298,34,126.4,225.0,6.3,20.3,0.85,1,-1,-1
298,45,9.0,216.4,11.6,41.8,0.82,1,-1,-1
299,14,485.9,222.0,66.6,161.3,0.93,1,-1,-1
299,33,628.0,251.6,6.0,13.2,0.66,1,-1,-1
299,34,126.8,226.1,6.4,19.4,0.83,1,-1,-1
299,45,9.9,218.0,10.9,41.2,0.75,1,-1,-1
300,14,486.1,221.9,66.7,161.3,0.93,1,-1,-1
300,33,629.8,251.0,4.8,13.6,0.59,1,-1,-1
300,34,127.5,226.0,6.6,19.5,0.84,1,-1,-1
300,45,10.3,217.9,11.2,41.2,0.73,1,-1,-1
