1,1,209.6,217.9,41.9,121.1,0.93,1,-1,-1
1,2,93.1,216.5,32.0,99.0,0.90,1,-1,-1
1,3,67.4,220.2,9.2,33.7,0.89,1,-1,-1
1,4,181.0,226.4,22.9,70.4,0.88,1,-1,-1
1,5,410.9,231.0,16.6,39.2,0.87,1,-1,-1
1,6,75.9,219.8,19.3,63.1,0.85,1,-1,-1
1,7,440.9,236.8,11.9,31.6,0.84,1,-1,-1
1,8,489.4,237.9,13.2,33.8,0.83,1,-1,-1
1,9,52.1,221.6,10.5,30.6,0.80,1,-1,-1
2,1,207.6,218.6,40.1,119.0,0.92,1,-1,-1
2,2,96.3,212.6,30.9,103.0,0.91,1,-1,-1
2,3,67.5,221.5,9.9,33.2,0.95,1,-1,-1
2,4,185.1,224.0,22.9,72.8,0.85,1,-1,-1
2,5,414.8,230.8,15.4,39.3,0.84,1,-1,-1
2,6,75.5,219.3,21.1,64.8,0.86,1,-1,-1
2,7,443.8,236.3,12.0,32.2,0.86,1,-1,-1
2,8,491.0,238.4,16.0,33.7,0.84,1,-1,-1
2,9,52.6,221.7,10.7,30.8,0.80,1,-1,-1
3,1,202.4,217.9,40.0,116.9,0.91,1,-1,-1
3,2,97.7,210.3,32.9,105.7,0.91,1,-1,-1
3,3,68.7,221.7,9.1,32.4,0.89,1,-1,-1
3,4,189.0,223.5,22.6,74.8,0.84,1,-1,-1
3,5,418.2,231.7,15.2,39.0,0.87,1,-1,-1
3,6,76.0,217.8,20.8,66.1,0.86,1,-1,-1
3,7,445.5,236.4,12.9,32.2,0.86,1,-1,-1
3,8,493.5,239.0,15.7,33.1,0.82,1,-1,-1
3,9,53.1,220.8,11.1,31.5,0.82,1,-1,-1
4,1,196.4,215.0,38.2,116.9,0.90,1,-1,-1
4,2,100.8,211.0,35.6,107.8,0.92,1,-1,-1
4,3,69.7,221.1,8.4,33.7,0.75,1,-1,-1
4,4,191.2,225.1,19.3,72.2,0.78,1,-1,-1
4,5,419.6,232.2,16.6,38.8,0.89,1,-1,-1
4,6,75.9,217.7,21.8,67.1,0.86,1,-1,-1
4,7,447.1,236.9,14.5,32.0,0.86,1,-1,-1
4,8,499.0,238.2,13.4,33.4,0.83,1,-1,-1
4,9,53.3,221.1,11.7,30.9,0.84,1,-1,-1
5,1,192.1,216.3,39.7,115.1,0.92,1,-1,-1
5,2,102.9,214.5,35.5,106.1,0.91,1,-1,-1
5,3,71.1,220.1,9.0,35.7,0.70,1,-1,-1
5,5,421.4,232.3,17.2,39.5,0.86,1,-1,-1
5,6,75.3,218.8,23.3,66.1,0.85,1,-1,-1
5,7,447.7,237.4,15.6,32.0,0.87,1,-1,-1
5,8,501.9,238.3,13.1,33.5,0.85,1,-1,-1
5,9,54.1,222.1,11.8,30.5,0.84,1,-1,-1
6,1,192.8,218.6,34.8,112.5,0.92,1,-1,-1
6,2,108.7,212.8,34.4,110.0,0.89,1,-1,-1
6,3,72.1,220.5,9.1,34.7,0.74,1,-1,-1
6,5,427.1,231.1,15.3,40.6,0.88,1,-1,-1
6,6,75.2,218.8,24.5,68.8,0.85,1,-1,-1
6,7,450.9,236.7,14.8,32.5,0.86,1,-1,-1
6,8,503.7,239.6,16.0,33.1,0.86,1,-1,-1
6,9,55.0,221.9,13.3,31.1,0.83,1,-1,-1
6,14,102.0,223.0,21.8,67.4,0.51,1,-1,-1
7,1,190.6,219.5,35.0,111.0,0.90,1,-1,-1
7,2,113.6,210.6,33.3,112.2,0.89,1,-1,-1
7,3,72.6,221.1,8.9,33.3,0.72,1,-1,-1
7,5,428.8,231.0,15.8,40.7,0.88,1,-1,-1
7,6,75.4,217.7,25.2,70.0,0.86,1,-1,-1
7,7,455.3,236.7,11.4,33.2,0.86,1,-1,-1
7,8,505.4,240.3,17.8,32.8,0.85,1,-1,-1
7,9,55.2,220.9,14.0,32.2,0.83,1,-1,-1
7,14,105.0,222.4,21.4,76.1,0.68,1,-1,-1
7,16,26.3,224.0,3.8,6.2,0.56,1,-1,-1
8,1,187.8,218.4,32.7,108.3,0.90,1,-1,-1
8,2,114.7,210.0,37.6,117.1,0.89,1,-1,-1
8,3,73.1,220.1,9.3,34.5,0.75,1,-1,-1
8,4,213.9,227.4,22.8,78.5,0.84,1,-1,-1
8,5,431.0,232.3,19.8,39.5,0.89,1,-1,-1
8,6,77.2,217.2,24.4,71.0,0.88,1,-1,-1
8,7,457.4,237.1,11.6,32.6,0.83,1,-1,-1
8,8,511.8,239.6,13.8,33.4,0.81,1,-1,-1
8,9,55.8,220.8,12.8,32.5,0.83,1,-1,-1
8,14,107.1,224.2,22.6,76.2,0.76,1,-1,-1
8,16,26.9,223.8,3.6,6.4,0.61,1,-1,-1
9,1,185.8,217.6,33.9,107.9,0.91,1,-1,-1
9,2,116.5,211.5,38.7,116.7,0.89,1,-1,-1
9,3,73.1,219.7,9.4,34.6,0.74,1,-1,-1
9,4,213.5,227.8,26.9,78.8,0.82,1,-1,-1
9,5,432.3,232.7,20.0,39.8,0.87,1,-1,-1
9,6,78.2,217.6,23.5,71.3,0.88,1,-1,-1
9,7,459.0,237.7,11.8,32.2,0.85,1,-1,-1
9,8,514.6,239.3,13.8,33.8,0.80,1,-1,-1
9,9,55.8,221.4,12.3,31.9,0.83,1,-1,-1
9,14,109.0,223.3,22.8,78.0,0.76,1,-1,-1
9,16,26.9,223.4,3.6,6.6,0.65,1,-1,-1
10,1,183.7,216.8,33.4,107.7,0.94,1,-1,-1
10,2,122.0,214.1,37.0,118.3,0.89,1,-1,-1
10,3,73.9,219.6,8.6,34.7,0.71,1,-1,-1
10,4,219.6,225.4,24.6,82.2,0.88,1,-1,-1
10,5,436.6,232.2,18.0,40.5,0.87,1,-1,-1
10,6,78.1,218.5,24.1,70.8,0.88,1,-1,-1
10,7,460.1,237.1,13.1,33.8,0.86,1,-1,-1
10,8,517.7,239.1,13.5,34.4,0.85,1,-1,-1
10,9,56.3,221.6,12.3,32.3,0.82,1,-1,-1
10,14,110.7,223.1,23.2,82.0,0.79,1,-1,-1
10,16,27.0,223.4,3.6,6.7,0.64,1,-1,-1
11,1,179.6,217.9,34.7,106.9,0.92,1,-1,-1
11,2,127.5,211.1,36.1,122.0,0.89,1,-1,-1
11,3,74.4,219.9,8.2,34.2,0.60,1,-1,-1
11,4,223.9,223.2,24.8,85.1,0.89,1,-1,-1
11,5,442.4,232.0,15.6,40.9,0.87,1,-1,-1
11,6,78.5,218.5,23.6,72.7,0.87,1,-1,-1
11,7,463.4,236.8,11.5,34.3,0.84,1,-1,-1
11,8,518.5,240.5,15.5,33.6,0.83,1,-1,-1
11,9,56.4,220.6,11.8,33.3,0.82,1,-1,-1
11,14,111.5,224.4,25.4,81.8,0.76,1,-1,-1
11,16,27.3,224.0,3.6,6.6,0.60,1,-1,-1
12,1,177.9,218.7,33.5,105.5,0.92,1,-1,-1
12,2,132.7,208.1,35.1,124.9,0.90,1,-1,-1
12,3,75.8,220.4,7.3,32.1,0.26,1,-1,-1
12,4,226.2,224.4,32.2,85.0,0.92,1,-1,-1
12,5,445.0,231.9,15.1,41.1,0.88,1,-1,-1
12,6,78.8,217.7,22.9,73.8,0.87,1,-1,-1
12,7,465.8,236.6,11.8,34.3,0.84,1,-1,-1
12,8,522.0,239.8,15.1,34.1,0.82,1,-1,-1
12,9,56.5,220.4,12.5,32.7,0.83,1,-1,-1
12,14,112.2,224.9,27.2,81.7,0.85,1,-1,-1
12,16,27.5,224.3,3.6,6.4,0.57,1,-1,-1
13,1,175.1,219.0,33.4,104.6,0.91,1,-1,-1
13,2,135.2,206.9,36.9,127.3,0.90,1,-1,-1
13,3,76.6,220.1,8.5,32.2,0.24,1,-1,-1
13,4,226.7,226.3,37.2,85.7,0.94,1,-1,-1
13,5,447.1,232.7,17.0,40.3,0.86,1,-1,-1
13,6,78.4,216.7,23.5,74.7,0.89,1,-1,-1
13,7,467.3,237.2,13.2,33.5,0.87,1,-1,-1
13,8,526.8,240.2,12.2,34.0,0.83,1,-1,-1
13,9,57.2,221.2,12.5,32.2,0.82,1,-1,-1
13,14,113.1,225.3,28.4,82.9,0.87,1,-1,-1
13,16,27.5,224.3,3.6,6.4,0.58,1,-1,-1
14,1,176.0,217.9,29.5,102.9,0.89,1,-1,-1
14,2,138.7,211.8,48.3,126.9,0.92,1,-1,-1
14,3,76.8,220.5,8.3,31.1,0.38,1,-1,-1
14,4,233.0,226.4,33.2,86.2,0.93,1,-1,-1
14,5,448.9,233.3,18.8,40.5,0.85,1,-1,-1
14,6,75.4,217.6,26.9,74.4,0.89,1,-1,-1
14,7,468.6,237.3,15.0,34.0,0.86,1,-1,-1
14,8,529.7,240.2,13.0,34.6,0.84,1,-1,-1
14,9,57.4,221.7,14.4,32.2,0.83,1,-1,-1
14,14,113.3,223.8,28.2,84.3,0.91,1,-1,-1
14,16,27.8,223.6,3.8,7.0,0.61,1,-1,-1
15,1,179.6,217.6,25.0,101.0,0.87,1,-1,-1
15,2,142.1,213.3,49.2,128.1,0.90,1,-1,-1
15,3,76.9,219.8,8.9,24.3,0.48,1,-1,-1
15,4,244.3,224.0,26.5,89.4,0.91,1,-1,-1
15,5,454.2,232.9,14.3,41.4,0.86,1,-1,-1
15,6,74.2,218.3,28.6,74.8,0.88,1,-1,-1
15,7,469.6,237.4,15.0,34.3,0.85,1,-1,-1
15,8,531.0,241.1,15.9,32.9,0.85,1,-1,-1
15,9,58.3,221.1,15.1,33.2,0.83,1,-1,-1
15,14,113.7,223.3,31.8,86.2,0.91,1,-1,-1
15,16,27.9,223.3,4.0,7.0,0.62,1,-1,-1
16,1,185.4,217.6,17.6,99.3,0.71,1,-1,-1
16,2,148.6,212.5,43.7,131.2,0.91,1,-1,-1
16,3,77.5,220.7,8.6,17.6,0.53,1,-1,-1
16,4,249.1,223.7,28.9,92.0,0.91,1,-1,-1
16,5,457.6,232.6,15.0,41.9,0.85,1,-1,-1
16,6,75.2,218.7,28.1,77.3,0.90,1,-1,-1
16,7,474.7,237.2,11.5,34.5,0.83,1,-1,-1
16,8,532.7,242.2,16.5,32.4,0.85,1,-1,-1
16,9,59.0,220.6,14.6,33.4,0.83,1,-1,-1
16,14,114.6,224.2,36.0,86.7,0.92,1,-1,-1
16,16,28.0,224.1,4.3,6.4,0.56,1,-1,-1
17,1,174.4,210.1,29.0,109.7,0.10,1,-1,-1
17,2,154.0,209.1,43.1,134.7,0.90,1,-1,-1
17,3,78.1,221.7,8.2,17.5,0.48,1,-1,-1
17,4,252.6,225.9,30.4,91.4,0.92,1,-1,-1
17,5,459.7,232.8,15.9,41.9,0.88,1,-1,-1
17,6,77.8,217.6,25.7,78.5,0.89,1,-1,-1
17,7,476.8,237.3,11.3,33.8,0.82,1,-1,-1
17,8,536.6,242.0,14.2,31.2,0.84,1,-1,-1
17,9,59.3,220.9,13.9,33.7,0.83,1,-1,-1
17,14,116.7,225.6,36.4,86.4,0.93,1,-1,-1
17,16,28.0,224.4,5.3,6.6,0.45,1,-1,-1
18,2,160.4,207.0,43.4,141.5,0.93,1,-1,-1
18,3,78.4,221.8,8.0,18.5,0.38,1,-1,-1
18,4,257.9,227.4,29.8,93.1,0.92,1,-1,-1
18,5,461.1,233.3,21.1,41.1,0.87,1,-1,-1
18,6,79.3,216.5,23.5,79.8,0.89,1,-1,-1
18,7,479.1,238.1,11.0,32.8,0.80,1,-1,-1
18,8,542.3,241.0,12.4,33.0,0.84,1,-1,-1
18,9,59.6,222.0,13.2,32.7,0.84,1,-1,-1
18,14,121.2,224.6,34.5,88.5,0.92,1,-1,-1
18,16,28.0,224.3,5.4,6.5,0.49,1,-1,-1
19,2,166.1,210.5,45.9,142.8,0.91,1,-1,-1
19,3,78.6,221.3,7.9,18.4,0.44,1,-1,-1
19,4,265.6,225.7,28.0,95.1,0.92,1,-1,-1
19,5,464.2,233.8,19.9,41.1,0.85,1,-1,-1
19,6,78.8,217.7,23.9,79.4,0.88,1,-1,-1
19,7,481.9,238.7,11.5,33.7,0.79,1,-1,-1
19,8,544.7,241.0,12.8,33.6,0.82,1,-1,-1
19,9,59.6,221.9,13.6,33.9,0.83,1,-1,-1
19,14,123.3,222.9,35.7,90.7,0.92,1,-1,-1
19,16,28.0,223.9,5.8,6.8,0.45,1,-1,-1
20,2,173.7,214.2,44.5,143.2,0.91,1,-1,-1
20,3,78.9,221.2,7.5,16.2,0.54,1,-1,-1
20,4,271.0,223.0,27.8,97.3,0.92,1,-1,-1
20,5,468.9,233.0,15.6,42.5,0.86,1,-1,-1
20,6,78.0,218.2,24.6,80.2,0.88,1,-1,-1
20,7,483.7,237.9,11.9,33.6,0.82,1,-1,-1
20,8,546.4,241.7,14.8,32.8,0.84,1,-1,-1
20,9,59.9,221.3,14.3,34.7,0.84,1,-1,-1
20,14,124.3,223.3,37.4,92.5,0.93,1,-1,-1
20,16,28.0,223.8,6.0,6.8,0.44,1,-1,-1
21,1,173.8,218.0,24.5,97.0,0.68,1,-1,-1
21,2,178.8,209.1,44.9,150.2,0.90,1,-1,-1
21,3,78.4,222.3,8.4,14.6,0.25,1,-1,-1
21,4,272.5,225.2,41.8,98.1,0.93,1,-1,-1
21,5,474.3,232.9,13.0,42.5,0.83,1,-1,-1
21,6,77.5,218.1,24.8,82.9,0.89,1,-1,-1
21,7,486.7,237.7,11.5,34.3,0.80,1,-1,-1
21,8,549.5,242.5,14.2,32.9,0.84,1,-1,-1
21,9,60.1,221.6,14.5,34.1,0.83,1,-1,-1
21,14,125.5,224.1,39.0,92.9,0.93,1,-1,-1
21,16,28.0,224.4,6.1,6.5,0.43,1,-1,-1
22,1,173.5,218.1,25.5,96.8,0.73,1,-1,-1
22,2,181.2,207.4,49.2,152.5,0.89,1,-1,-1
22,4,274.2,226.6,46.2,100.5,0.93,1,-1,-1
22,5,477.6,233.7,16.8,41.9,0.84,1,-1,-1
22,6,76.2,217.4,26.1,83.7,0.89,1,-1,-1
22,7,489.6,238.5,10.9,34.5,0.74,1,-1,-1
22,8,554.6,241.7,11.9,34.3,0.83,1,-1,-1
22,9,60.8,222.7,15.0,33.8,0.84,1,-1,-1
22,14,126.6,224.9,40.5,94.6,0.93,1,-1,-1
22,16,28.0,224.8,6.0,6.2,0.44,1,-1,-1
23,1,172.8,218.3,29.9,96.9,0.86,1,-1,-1
23,2,195.0,207.4,54.8,155.1,0.89,1,-1,-1
23,4,285.7,225.2,36.7,102.6,0.93,1,-1,-1
23,5,478.8,234.5,19.4,41.5,0.86,1,-1,-1
23,6,73.6,216.8,29.4,85.9,0.92,1,-1,-1
23,7,492.5,238.7,11.9,33.1,0.72,1,-1,-1
23,8,557.8,241.3,12.4,34.3,0.84,1,-1,-1
23,9,61.5,222.4,14.3,35.2,0.84,1,-1,-1
23,14,127.7,224.1,40.6,95.1,0.93,1,-1,-1
23,16,28.0,224.6,6.1,6.4,0.41,1,-1,-1
24,1,174.8,217.9,30.0,97.7,0.88,1,-1,-1
24,2,198.6,211.0,68.4,156.4,0.94,1,-1,-1
24,4,300.6,223.5,31.0,105.3,0.92,1,-1,-1
24,5,482.6,234.7,17.3,42.1,0.83,1,-1,-1
24,6,70.0,217.5,34.1,86.3,0.91,1,-1,-1
24,7,495.8,239.3,11.8,33.7,0.72,1,-1,-1
24,8,558.9,242.8,14.9,32.4,0.85,1,-1,-1
24,9,61.5,221.7,14.8,35.6,0.85,1,-1,-1
24,14,128.5,223.9,40.9,96.1,0.94,1,-1,-1
24,16,28.0,224.2,6.4,6.6,0.32,1,-1,-1
25,1,176.5,218.1,34.0,98.3,0.92,1,-1,-1
25,2,200.7,212.3,67.5,157.8,0.93,1,-1,-1
25,4,305.7,225.2,33.5,106.7,0.91,1,-1,-1
25,5,487.8,233.9,13.8,42.6,0.80,1,-1,-1
25,6,69.9,218.0,35.2,87.8,0.92,1,-1,-1
25,7,497.4,238.7,10.6,35.3,0.69,1,-1,-1
25,8,559.9,242.8,16.3,33.1,0.84,1,-1,-1
25,9,62.1,222.1,14.5,34.6,0.83,1,-1,-1
25,14,130.9,224.2,40.4,97.5,0.93,1,-1,-1
25,16,28.0,224.1,6.6,6.7,0.24,1,-1,-1
26,1,178.2,218.2,36.6,98.5,0.92,1,-1,-1
26,2,215.9,207.2,54.3,164.7,0.90,1,-1,-1
26,4,309.0,227.0,39.5,109.0,0.93,1,-1,-1
26,5,491.4,234.5,15.4,42.8,0.86,1,-1,-1
26,6,74.5,217.8,31.2,89.9,0.93,1,-1,-1
26,7,502.3,239.3,8.5,32.1,0.41,1,-1,-1
26,8,567.1,243.0,12.2,33.4,0.83,1,-1,-1
26,9,62.1,223.5,14.4,34.6,0.82,1,-1,-1
26,14,134.1,224.8,38.7,97.6,0.93,1,-1,-1
26,16,30.9,224.9,5.1,6.0,0.56,1,-1,-1
27,1,178.5,218.2,38.5,99.4,0.92,1,-1,-1
27,2,226.6,204.3,54.9,168.9,0.93,1,-1,-1
27,4,319.5,226.0,36.6,111.3,0.92,1,-1,-1
27,5,492.7,235.1,20.8,42.1,0.85,1,-1,-1
27,6,77.5,216.6,28.7,91.5,0.92,1,-1,-1
27,7,501.9,238.8,12.5,34.2,0.19,1,-1,-1
27,8,570.6,242.5,12.2,34.1,0.84,1,-1,-1
27,9,62.6,223.4,14.5,34.4,0.82,1,-1,-1
27,14,138.0,224.4,38.0,98.0,0.92,1,-1,-1
27,16,31.2,225.0,4.8,5.9,0.57,1,-1,-1
28,1,180.3,218.5,37.3,98.8,0.92,1,-1,-1
28,2,233.1,205.8,56.1,174.6,0.91,1,-1,-1
28,4,330.7,223.4,31.2,113.3,0.92,1,-1,-1
28,5,493.9,235.8,21.8,41.7,0.85,1,-1,-1
28,6,78.5,216.5,27.9,92.4,0.91,1,-1,-1
28,8,572.8,242.4,12.7,33.9,0.84,1,-1,-1
28,9,62.4,222.6,15.3,34.6,0.82,1,-1,-1
28,14,139.7,224.4,38.1,98.5,0.92,1,-1,-1
28,16,31.4,224.8,4.6,6.2,0.61,1,-1,-1
29,1,180.7,218.2,37.8,99.0,0.91,1,-1,-1
29,2,244.9,209.2,66.1,173.9,0.93,1,-1,-1
29,4,335.3,224.3,43.0,113.5,0.92,1,-1,-1
29,5,497.8,235.5,19.5,42.5,0.85,1,-1,-1
29,6,78.4,217.7,28.1,91.2,0.91,1,-1,-1
29,8,573.7,243.2,14.6,33.6,0.84,1,-1,-1
29,9,62.6,222.9,14.7,35.3,0.80,1,-1,-1
29,14,142.3,224.2,38.3,100.1,0.92,1,-1,-1
29,16,31.6,224.8,4.4,6.1,0.62,1,-1,-1
30,1,181.0,218.4,38.2,99.3,0.92,1,-1,-1
30,2,250.0,207.3,64.4,180.3,0.92,1,-1,-1
30,4,336.4,225.4,58.2,116.8,0.94,1,-1,-1
30,5,505.2,234.9,13.8,43.2,0.83,1,-1,-1
30,6,77.9,218.3,28.6,95.0,0.90,1,-1,-1
30,8,576.6,243.8,14.6,32.3,0.81,1,-1,-1
30,9,64.1,224.0,13.1,34.7,0.79,1,-1,-1
30,14,143.7,224.0,41.0,101.9,0.93,1,-1,-1
30,16,31.8,225.1,4.2,5.9,0.64,1,-1,-1
31,1,181.5,218.6,38.7,101.4,0.93,1,-1,-1
31,2,266.7,200.5,60.6,187.9,0.91,1,-1,-1
31,4,342.2,225.8,55.4,118.7,0.94,1,-1,-1
31,5,509.1,235.4,13.9,42.7,0.86,1,-1,-1
31,6,77.5,216.5,29.4,98.2,0.91,1,-1,-1
31,8,581.4,242.8,12.9,34.0,0.82,1,-1,-1
31,9,64.8,223.8,12.5,37.2,0.80,1,-1,-1
31,14,145.9,223.6,39.6,103.4,0.93,1,-1,-1
31,16,31.8,225.0,4.2,5.9,0.61,1,-1,-1
32,1,181.9,218.8,38.7,102.9,0.92,1,-1,-1
32,2,275.3,198.5,61.1,190.7,0.90,1,-1,-1
32,4,361.0,224.0,40.5,121.4,0.93,1,-1,-1
32,5,511.3,236.1,17.5,42.3,0.87,1,-1,-1
32,6,77.1,214.4,30.7,100.4,0.91,1,-1,-1
32,8,584.3,242.1,12.9,36.1,0.80,1,-1,-1
32,9,64.8,222.7,14.0,37.1,0.79,1,-1,-1
32,14,145.8,223.7,39.4,103.7,0.92,1,-1,-1
32,16,31.6,225.5,4.4,5.4,0.50,1,-1,-1
33,1,181.9,218.9,39.7,103.6,0.92,1,-1,-1
33,2,285.8,196.9,78.4,195.2,0.89,1,-1,-1
33,4,379.9,222.9,31.8,124.4,0.90,1,-1,-1
33,5,512.1,236.1,20.2,43.3,0.86,1,-1,-1
33,6,75.3,213.6,33.9,103.1,0.93,1,-1,-1
33,8,585.7,242.9,17.2,36.0,0.83,1,-1,-1
33,9,66.2,223.8,13.1,35.7,0.80,1,-1,-1
33,14,147.1,223.5,36.9,103.5,0.92,1,-1,-1
33,16,31.9,225.1,4.1,6.0,0.61,1,-1,-1
34,1,182.1,218.8,40.7,104.9,0.94,1,-1,-1
34,2,291.7,198.3,104.1,199.1,0.94,1,-1,-1
34,4,382.5,226.3,48.6,124.8,0.91,1,-1,-1
34,5,515.6,235.5,17.3,43.8,0.87,1,-1,-1
34,6,72.7,216.1,37.5,101.8,0.93,1,-1,-1
34,8,586.8,243.1,17.5,36.7,0.86,1,-1,-1
34,9,67.3,224.6,13.9,35.1,0.79,1,-1,-1
34,14,148.2,223.2,36.9,103.7,0.92,1,-1,-1
34,16,32.2,224.6,3.8,6.5,0.70,1,-1,-1
35,1,183.5,218.0,40.8,105.4,0.93,1,-1,-1
35,2,292.7,198.4,107.1,202.0,0.91,1,-1,-1
35,4,386.0,227.5,53.3,126.9,0.92,1,-1,-1
35,5,522.0,235.1,15.0,44.4,0.84,1,-1,-1
35,6,74.1,215.8,38.2,106.7,0.93,1,-1,-1
35,8,589.6,242.7,16.0,36.9,0.80,1,-1,-1
35,9,66.9,224.7,14.8,38.1,0.81,1,-1,-1
35,14,149.5,223.0,36.5,103.7,0.93,1,-1,-1
35,16,32.4,224.7,3.7,6.4,0.70,1,-1,-1
36,1,186.4,217.9,39.5,104.4,0.93,1,-1,-1
36,2,326.1,192.7,80.4,209.2,0.87,1,-1,-1
36,4,409.3,224.2,37.6,130.9,0.90,1,-1,-1
36,5,525.1,235.8,19.3,44.6,0.89,1,-1,-1
36,6,80.5,212.4,34.2,111.4,0.92,1,-1,-1
36,8,596.3,242.0,13.9,36.6,0.85,1,-1,-1
36,9,68.0,223.9,14.2,38.5,0.82,1,-1,-1
36,14,151.2,222.8,38.5,104.8,0.92,1,-1,-1
36,16,32.6,225.2,3.5,5.9,0.65,1,-1,-1
37,1,189.7,218.9,39.3,107.7,0.92,1,-1,-1
37,2,357.2,186.5,75.8,228.2,0.88,1,-1,-1
37,4,419.1,224.3,54.2,131.7,0.91,1,-1,-1
37,5,526.6,236.2,22.8,44.6,0.88,1,-1,-1
37,6,81.4,212.5,35.3,113.2,0.91,1,-1,-1
37,8,598.9,241.5,14.8,36.7,0.80,1,-1,-1
37,9,69.1,224.8,15.1,40.0,0.82,1,-1,-1
37,14,153.8,224.6,39.5,104.2,0.91,1,-1,-1
37,16,32.8,225.3,3.4,5.7,0.62,1,-1,-1
38,1,193.8,219.5,41.0,107.4,0.91,1,-1,-1
38,2,367.3,190.3,102.6,230.1,0.90,1,-1,-1
38,4,428.4,226.1,67.5,135.8,0.91,1,-1,-1
38,5,529.9,236.5,19.7,44.2,0.87,1,-1,-1
38,6,81.6,214.1,36.2,112.1,0.91,1,-1,-1
38,8,600.3,241.6,18.0,37.6,0.83,1,-1,-1
38,9,70.5,224.2,14.5,41.1,0.80,1,-1,-1
38,14,156.3,224.2,39.2,105.0,0.92,1,-1,-1
38,16,32.7,224.9,3.4,5.9,0.58,1,-1,-1
39,1,196.7,219.2,41.2,110.3,0.92,1,-1,-1
39,2,372.1,188.6,106.4,236.2,0.92,1,-1,-1
39,4,451.6,226.7,44.3,136.5,0.86,1,-1,-1
39,5,535.7,237.0,16.5,43.2,0.81,1,-1,-1
39,6,82.4,215.1,36.5,116.7,0.92,1,-1,-1
39,8,604.2,242.5,15.6,36.1,0.84,1,-1,-1
39,9,71.3,223.5,13.7,42.1,0.82,1,-1,-1
39,14,159.1,223.8,39.4,104.9,0.92,1,-1,-1
39,16,32.8,225.5,3.3,5.4,0.59,1,-1,-1
40,1,198.8,218.8,43.2,111.1,0.93,1,-1,-1
40,2,405.7,184.9,77.4,240.9,0.88,1,-1,-1
40,4,470.3,223.4,35.5,139.9,0.82,1,-1,-1
40,5,540.2,235.8,18.2,45.6,0.82,1,-1,-1
40,6,82.6,214.8,37.9,117.5,0.92,1,-1,-1
40,7,537.5,242.9,9.2,30.9,0.64,1,-1,-1
40,8,609.1,240.4,14.2,36.7,0.76,1,-1,-1
40,9,72.0,224.2,13.8,42.2,0.82,1,-1,-1
40,14,160.5,223.5,39.4,105.2,0.93,1,-1,-1
40,16,33.0,226.2,3.1,4.9,0.53,1,-1,-1
41,1,209.7,217.6,36.8,112.3,0.92,1,-1,-1
41,2,434.2,175.9,77.4,250.5,0.82,1,-1,-1
41,4,492.5,225.8,32.1,143.8,0.68,1,-1,-1
41,5,543.1,236.6,21.3,45.1,0.84,1,-1,-1
41,6,80.1,211.5,41.9,121.5,0.93,1,-1,-1
41,7,538.9,241.2,13.1,35.2,0.65,1,-1,-1
41,8,612.5,240.5,13.9,34.2,0.74,1,-1,-1
41,9,72.6,224.8,14.0,42.0,0.77,1,-1,-1
41,14,161.7,223.8,40.9,107.7,0.93,1,-1,-1
41,16,33.0,226.1,3.1,4.9,0.46,1,-1,-1
42,1,213.5,218.1,36.2,111.8,0.92,1,-1,-1
42,2,444.7,177.8,92.1,249.0,0.86,1,-1,-1
42,4,508.1,232.5,35.9,143.0,0.72,1,-1,-1
42,5,546.0,236.8,19.9,46.0,0.82,1,-1,-1
42,6,79.1,212.8,43.5,123.6,0.93,1,-1,-1
42,7,542.1,242.8,10.4,31.4,0.50,1,-1,-1
42,8,614.6,242.2,12.4,28.8,0.60,1,-1,-1
42,9,72.8,224.2,14.4,41.1,0.76,1,-1,-1
42,14,163.0,224.3,43.4,108.6,0.93,1,-1,-1
42,16,32.4,225.9,3.6,5.2,0.28,1,-1,-1
43,1,215.7,218.8,37.9,115.4,0.91,1,-1,-1
43,2,442.4,184.1,143.2,246.0,0.90,1,-1,-1
43,5,551.6,236.5,17.5,46.3,0.79,1,-1,-1
43,6,77.3,216.2,47.3,124.3,0.93,1,-1,-1
43,7,548.0,239.4,10.7,38.2,0.65,1,-1,-1
43,8,618.2,242.4,13.3,24.4,0.47,1,-1,-1
43,9,74.8,223.1,15.6,42.0,0.80,1,-1,-1
43,14,163.7,225.2,47.2,110.2,0.93,1,-1,-1
44,1,220.3,219.9,36.7,116.5,0.91,1,-1,-1
44,2,457.1,178.1,134.7,255.3,0.86,1,-1,-1
44,5,559.4,236.8,13.4,45.7,0.41,1,-1,-1
44,6,83.4,216.0,45.4,129.5,0.93,1,-1,-1
44,9,75.7,224.0,15.9,42.1,0.82,1,-1,-1
44,14,165.4,225.0,48.3,111.2,0.94,1,-1,-1
45,1,223.8,220.7,35.7,119.4,0.92,1,-1,-1
45,2,492.8,179.2,100.8,253.6,0.78,1,-1,-1
45,6,90.0,212.7,43.9,133.9,0.92,1,-1,-1
45,9,76.7,224.6,15.4,42.4,0.81,1,-1,-1
45,14,167.0,224.1,48.2,112.5,0.94,1,-1,-1
46,1,227.7,219.6,37.7,120.1,0.92,1,-1,-1
46,2,540.2,160.2,81.4,282.0,0.77,1,-1,-1
46,6,93.2,207.5,45.0,140.6,0.91,1,-1,-1
46,9,77.8,223.6,15.4,45.5,0.83,1,-1,-1
46,14,168.1,223.9,49.0,112.7,0.94,1,-1,-1
47,1,231.2,218.5,36.7,120.2,0.89,1,-1,-1
47,2,545.5,165.2,93.8,280.1,0.80,1,-1,-1
47,6,94.7,211.5,46.6,138.4,0.91,1,-1,-1
47,9,78.6,223.2,16.0,46.5,0.82,1,-1,-1
47,14,170.7,224.3,47.6,113.6,0.94,1,-1,-1
47,20,99.1,220.4,10.9,20.2,0.62,1,-1,-1
48,1,233.6,218.4,40.3,123.7,0.92,1,-1,-1
48,2,551.6,170.2,87.9,262.9,0.81,1,-1,-1
48,6,96.2,212.2,49.3,140.4,0.93,1,-1,-1
48,7,561.8,241.9,11.9,32.8,0.77,1,-1,-1
48,9,79.3,223.8,16.6,46.1,0.81,1,-1,-1
48,14,173.1,224.9,52.9,114.6,0.94,1,-1,-1
48,20,99.9,220.3,11.2,22.9,0.63,1,-1,-1
49,1,239.2,219.5,44.2,126.8,0.93,1,-1,-1
49,2,558.9,217.7,80.6,224.5,0.80,1,-1,-1
49,5,577.5,237.1,16.9,46.9,0.79,1,-1,-1
49,6,100.6,207.4,50.6,150.4,0.93,1,-1,-1
49,7,565.4,241.0,12.8,37.3,0.80,1,-1,-1
49,9,80.3,224.0,16.7,47.6,0.82,1,-1,-1
49,14,179.8,225.9,48.3,116.1,0.94,1,-1,-1
49,20,101.6,221.1,12.1,23.5,0.65,1,-1,-1
50,1,242.8,218.7,42.4,129.4,0.93,1,-1,-1
50,4,595.2,218.5,44.1,159.2,0.86,1,-1,-1
50,5,578.9,238.1,20.9,45.3,0.79,1,-1,-1
50,6,102.6,205.8,52.6,151.8,0.93,1,-1,-1
50,7,565.7,242.7,16.0,37.3,0.81,1,-1,-1
50,9,81.5,223.2,16.6,48.3,0.84,1,-1,-1
50,14,184.8,224.5,48.6,118.0,0.94,1,-1,-1
50,20,102.5,220.7,11.0,19.6,0.65,1,-1,-1
51,1,248.0,217.6,43.6,130.6,0.93,1,-1,-1
51,4,603.7,224.0,35.8,156.9,0.77,1,-1,-1
51,5,583.2,238.8,17.3,45.2,0.66,1,-1,-1
51,6,104.7,205.3,54.5,156.8,0.92,1,-1,-1
51,7,566.5,243.1,18.8,36.4,0.82,1,-1,-1
51,9,83.2,222.9,15.8,48.4,0.86,1,-1,-1
51,14,189.2,224.9,49.8,118.0,0.94,1,-1,-1
51,20,103.2,219.7,12.3,43.8,0.73,1,-1,-1
52,1,249.3,216.8,48.9,132.4,0.92,1,-1,-1
52,6,110.5,206.2,65.9,160.1,0.93,1,-1,-1
52,7,571.3,243.2,18.1,35.2,0.73,1,-1,-1
52,9,83.7,223.5,15.6,48.6,0.86,1,-1,-1
52,14,191.9,224.0,54.1,122.0,0.94,1,-1,-1
52,20,104.2,219.4,14.6,52.0,0.79,1,-1,-1
53,1,250.5,217.2,49.9,136.6,0.93,1,-1,-1
53,6,119.6,203.2,58.2,168.9,0.91,1,-1,-1
53,7,578.0,243.1,14.0,30.6,0.66,1,-1,-1
53,9,84.5,223.2,15.1,48.6,0.86,1,-1,-1
53,14,194.3,224.7,60.2,123.1,0.93,1,-1,-1
53,20,104.9,220.4,15.0,51.6,0.84,1,-1,-1
53,22,597.1,237.2,12.3,15.5,0.71,1,-1,-1
54,1,252.6,218.8,49.8,138.7,0.93,1,-1,-1
54,6,130.7,199.0,55.1,174.3,0.93,1,-1,-1
54,9,85.4,221.9,16.3,49.4,0.83,1,-1,-1
54,14,196.0,225.5,61.9,126.0,0.93,1,-1,-1
54,20,106.5,220.6,14.5,52.4,0.86,1,-1,-1
55,1,253.1,219.6,52.1,141.4,0.92,1,-1,-1
55,6,136.1,196.9,60.5,176.4,0.93,1,-1,-1
55,9,86.3,220.9,16.4,51.8,0.84,1,-1,-1
55,14,197.6,225.1,60.2,126.7,0.91,1,-1,-1
55,20,107.4,220.1,14.2,53.2,0.86,1,-1,-1
56,1,255.7,219.5,51.8,142.0,0.93,1,-1,-1
56,6,145.7,199.6,65.9,179.8,0.91,1,-1,-1
56,9,86.8,222.1,18.1,50.8,0.86,1,-1,-1
56,14,204.6,224.7,52.6,127.5,0.91,1,-1,-1
56,20,108.2,219.5,14.7,54.2,0.87,1,-1,-1
56,23,37.8,224.1,6.3,21.9,0.55,1,-1,-1
57,1,257.2,217.8,53.9,143.0,0.93,1,-1,-1
57,6,156.8,201.8,66.8,182.6,0.90,1,-1,-1
57,9,87.2,222.7,18.0,51.6,0.86,1,-1,-1
57,14,205.6,224.4,51.1,127.6,0.91,1,-1,-1
57,20,109.8,219.7,14.6,54.9,0.88,1,-1,-1
57,23,37.9,224.1,6.5,22.1,0.61,1,-1,-1
58,1,258.8,217.1,53.8,148.2,0.93,1,-1,-1
58,6,168.7,198.8,63.4,189.4,0.91,1,-1,-1
58,9,88.1,221.2,17.9,53.2,0.86,1,-1,-1
58,14,216.7,225.5,41.4,128.6,0.88,1,-1,-1
58,20,111.1,220.2,15.2,53.9,0.86,1,-1,-1
58,23,38.4,225.0,6.6,21.6,0.66,1,-1,-1
59,1,261.3,216.4,51.6,152.4,0.92,1,-1,-1
59,6,182.5,194.1,59.0,194.9,0.88,1,-1,-1
59,9,88.8,221.0,18.0,54.1,0.86,1,-1,-1
59,14,220.8,227.2,40.1,130.1,0.77,1,-1,-1
59,20,112.0,219.7,17.0,55.3,0.89,1,-1,-1
59,23,38.5,225.3,6.2,21.1,0.65,1,-1,-1
60,1,267.6,216.2,46.1,155.3,0.91,1,-1,-1
60,6,193.8,194.5,85.0,197.3,0.89,1,-1,-1
60,9,90.0,222.3,17.3,52.6,0.86,1,-1,-1
60,20,114.9,218.4,15.8,56.6,0.89,1,-1,-1
60,23,38.3,224.4,7.5,21.7,0.63,1,-1,-1
61,1,268.9,213.8,46.7,158.2,0.82,1,-1,-1
61,6,204.6,197.7,104.0,197.4,0.91,1,-1,-1
61,9,90.9,221.7,17.6,54.0,0.89,1,-1,-1
61,20,116.0,218.1,16.1,57.8,0.89,1,-1,-1
61,23,38.4,223.8,7.4,22.2,0.62,1,-1,-1
62,1,288.2,212.2,30.9,155.2,0.74,1,-1,-1
62,6,208.8,195.9,107.7,206.5,0.91,1,-1,-1
62,9,91.6,221.2,18.4,54.1,0.87,1,-1,-1
62,20,116.8,218.7,16.6,56.6,0.87,1,-1,-1
62,23,38.8,223.8,7.3,22.2,0.64,1,-1,-1
63,6,216.6,198.2,104.3,206.7,0.87,1,-1,-1
63,9,91.9,220.3,19.0,55.6,0.87,1,-1,-1
63,14,217.4,224.0,47.0,135.5,0.88,1,-1,-1
63,20,117.8,219.3,16.5,56.2,0.87,1,-1,-1
63,23,39.3,224.0,7.3,22.2,0.71,1,-1,-1
64,6,261.8,189.3,66.2,216.4,0.88,1,-1,-1
64,9,92.8,220.6,19.8,56.2,0.88,1,-1,-1
64,14,218.9,224.1,60.8,139.1,0.92,1,-1,-1
64,20,119.8,219.2,15.5,58.4,0.87,1,-1,-1
64,23,40.7,224.6,6.1,21.8,0.74,1,-1,-1
65,6,276.9,189.9,91.1,227.3,0.88,1,-1,-1
65,9,94.2,221.7,18.5,56.1,0.88,1,-1,-1
65,14,218.4,224.5,62.7,140.8,0.94,1,-1,-1
65,20,121.1,218.0,16.2,60.1,0.89,1,-1,-1
65,23,41.5,223.9,4.8,22.1,0.70,1,-1,-1
66,1,277.1,212.2,39.2,157.3,0.76,1,-1,-1
66,6,282.2,190.9,120.4,224.5,0.93,1,-1,-1
66,9,95.5,221.7,19.0,56.2,0.89,1,-1,-1
66,14,216.4,224.5,64.8,141.2,0.94,1,-1,-1
66,20,122.4,217.8,16.6,60.7,0.89,1,-1,-1
66,23,41.4,223.7,5.4,22.5,0.74,1,-1,-1
67,1,279.4,212.6,51.9,159.7,0.90,1,-1,-1
67,6,293.1,187.1,120.8,236.9,0.92,1,-1,-1
67,9,95.7,220.6,19.2,57.8,0.88,1,-1,-1
67,14,213.6,223.7,66.8,143.5,0.94,1,-1,-1
67,20,123.3,218.4,16.9,60.4,0.90,1,-1,-1
67,23,41.4,224.1,6.1,22.4,0.76,1,-1,-1
68,1,281.5,212.0,52.4,159.1,0.90,1,-1,-1
68,6,325.3,185.6,101.4,240.5,0.92,1,-1,-1
68,9,96.6,220.8,18.4,58.5,0.88,1,-1,-1
68,14,212.4,223.2,65.5,143.3,0.94,1,-1,-1
68,20,124.2,218.8,17.8,60.2,0.87,1,-1,-1
68,23,41.6,224.8,6.0,21.7,0.76,1,-1,-1
69,1,283.0,211.8,53.2,160.3,0.92,1,-1,-1
69,6,358.6,175.6,77.0,251.7,0.88,1,-1,-1
69,9,98.0,221.8,17.7,58.0,0.89,1,-1,-1
69,14,212.8,222.7,62.9,143.3,0.94,1,-1,-1
69,20,126.6,218.3,18.0,61.5,0.89,1,-1,-1
69,23,41.8,224.9,5.8,22.1,0.74,1,-1,-1
69,25,95.2,226.2,4.8,14.8,0.70,1,-1,-1
70,1,283.1,211.5,53.6,163.2,0.92,1,-1,-1
70,6,370.4,183.8,136.3,243.2,0.90,1,-1,-1
70,9,99.1,221.4,18.3,60.5,0.89,1,-1,-1
70,14,216.7,222.8,57.6,144.2,0.93,1,-1,-1
70,20,129.5,217.0,17.4,63.4,0.88,1,-1,-1
70,23,42.0,223.8,5.8,22.8,0.75,1,-1,-1
70,25,95.6,227.2,4.4,13.5,0.73,1,-1,-1
71,1,283.0,211.1,53.7,163.6,0.92,1,-1,-1
71,6,375.8,184.7,153.7,244.5,0.89,1,-1,-1
71,9,99.7,220.4,18.7,61.4,0.87,1,-1,-1
71,14,219.1,223.0,56.5,144.2,0.93,1,-1,-1
71,20,130.7,217.2,17.5,63.6,0.89,1,-1,-1
71,23,42.1,223.7,5.8,22.7,0.76,1,-1,-1
71,25,95.9,226.9,4.1,14.0,0.79,1,-1,-1
72,1,282.8,210.6,54.0,164.8,0.92,1,-1,-1
72,6,393.5,185.2,138.6,246.9,0.88,1,-1,-1
72,9,100.9,219.4,20.9,62.2,0.87,1,-1,-1
72,14,221.6,222.1,56.7,145.5,0.93,1,-1,-1
72,20,131.8,217.9,18.0,62.9,0.89,1,-1,-1
72,23,42.3,224.0,6.1,22.5,0.77,1,-1,-1
72,25,96.3,226.5,4.3,14.4,0.80,1,-1,-1
73,1,283.1,211.7,52.7,163.3,0.91,1,-1,-1
73,6,447.8,175.4,90.4,256.9,0.87,1,-1,-1
73,9,102.4,220.1,21.9,62.4,0.88,1,-1,-1
73,14,224.9,221.9,56.1,146.1,0.93,1,-1,-1
73,20,134.5,218.0,17.6,64.1,0.88,1,-1,-1
73,23,42.7,224.9,6.2,22.1,0.77,1,-1,-1
73,25,96.8,226.3,4.5,14.9,0.82,1,-1,-1
74,1,282.6,212.0,52.9,163.2,0.91,1,-1,-1
74,6,481.0,170.0,77.8,264.6,0.81,1,-1,-1
74,9,104.2,220.7,21.3,63.7,0.86,1,-1,-1
74,14,226.8,221.9,54.6,146.6,0.93,1,-1,-1
74,20,136.4,217.0,17.4,65.5,0.88,1,-1,-1
74,23,43.0,224.4,6.3,22.8,0.76,1,-1,-1
74,25,97.2,226.3,4.4,14.4,0.81,1,-1,-1
75,1,282.1,211.7,51.6,163.5,0.91,1,-1,-1
75,6,489.7,178.2,124.2,256.4,0.90,1,-1,-1
75,9,106.1,220.2,20.6,64.3,0.88,1,-1,-1
75,14,227.5,221.7,53.2,149.0,0.93,1,-1,-1
75,20,137.8,216.1,17.8,66.7,0.88,1,-1,-1
75,23,43.0,224.0,6.4,23.2,0.76,1,-1,-1
75,25,97.3,226.5,4.6,14.6,0.82,1,-1,-1
76,1,281.4,210.7,52.0,164.8,0.90,1,-1,-1
76,6,493.0,184.3,141.7,251.0,0.89,1,-1,-1
76,9,107.0,218.8,20.3,65.8,0.89,1,-1,-1
76,14,228.1,221.6,53.2,149.9,0.93,1,-1,-1
76,20,139.3,216.6,18.2,67.4,0.89,1,-1,-1
76,23,43.0,224.1,6.2,23.3,0.76,1,-1,-1
76,25,97.7,226.7,4.4,14.6,0.82,1,-1,-1
77,1,278.3,212.0,56.4,162.2,0.88,1,-1,-1
77,6,535.8,173.5,102.9,262.7,0.88,1,-1,-1
77,9,108.5,219.8,20.2,66.4,0.88,1,-1,-1
77,14,228.5,221.5,52.4,150.3,0.93,1,-1,-1
77,20,141.0,217.5,19.3,67.6,0.88,1,-1,-1
77,23,43.0,225.5,6.2,21.8,0.78,1,-1,-1
77,25,98.2,226.9,4.5,14.3,0.83,1,-1,-1
78,1,276.9,213.0,57.4,160.1,0.87,1,-1,-1
78,6,582.8,166.5,56.7,271.3,0.75,1,-1,-1
78,9,110.0,219.8,21.1,67.9,0.89,1,-1,-1
78,14,228.5,221.3,51.7,150.6,0.93,1,-1,-1
78,20,142.7,217.6,19.9,68.6,0.88,1,-1,-1
78,23,42.8,225.7,6.4,21.6,0.78,1,-1,-1
78,25,98.6,226.7,4.4,14.2,0.84,1,-1,-1
79,1,259.5,213.2,72.6,159.6,0.89,1,-1,-1
79,6,593.3,188.8,46.0,248.2,0.60,1,-1,-1
79,9,112.1,219.3,20.6,68.8,0.88,1,-1,-1
79,14,228.5,221.3,51.5,150.4,0.91,1,-1,-1
79,20,145.0,216.4,19.1,69.8,0.89,1,-1,-1
79,23,42.9,225.2,6.4,22.2,0.78,1,-1,-1
79,25,99.0,226.6,4.3,14.0,0.84,1,-1,-1
80,1,258.3,214.2,71.7,159.5,0.89,1,-1,-1
80,9,113.8,218.5,24.2,69.0,0.89,1,-1,-1
80,14,228.4,221.5,51.3,150.5,0.88,1,-1,-1
80,20,147.5,215.2,19.5,71.3,0.88,1,-1,-1
80,23,43.1,224.1,6.4,23.0,0.76,1,-1,-1
80,25,99.2,226.6,4.5,14.8,0.83,1,-1,-1
80,26,595.9,211.2,43.7,224.0,0.75,1,-1,-1
81,1,231.3,216.7,95.5,157.4,0.85,1,-1,-1
81,9,116.2,218.7,25.9,70.0,0.89,1,-1,-1
81,14,229.2,220.5,68.2,152.0,0.73,1,-1,-1
81,20,150.4,215.7,19.5,71.3,0.87,1,-1,-1
81,23,43.3,224.3,6.1,22.8,0.75,1,-1,-1
81,25,99.6,226.8,4.5,14.8,0.82,1,-1,-1
82,1,238.9,217.1,86.4,156.4,0.87,1,-1,-1
82,9,118.4,219.8,25.7,70.0,0.89,1,-1,-1
82,14,231.5,219.7,68.6,152.5,0.84,1,-1,-1
82,20,153.0,217.4,19.2,71.4,0.88,1,-1,-1
82,23,43.1,225.2,6.1,22.1,0.73,1,-1,-1
82,25,99.8,226.9,4.6,14.2,0.80,1,-1,-1
83,1,245.0,219.9,77.2,154.3,0.86,1,-1,-1
83,9,121.6,219.4,25.6,71.3,0.89,1,-1,-1
83,14,237.7,219.4,62.8,152.7,0.77,1,-1,-1
83,20,156.9,216.4,19.2,73.4,0.88,1,-1,-1
83,23,43.5,226.2,5.4,21.2,0.65,1,-1,-1
83,25,99.9,226.8,5.0,14.9,0.76,1,-1,-1
84,1,246.4,219.1,74.4,154.4,0.86,1,-1,-1
84,9,123.7,218.0,22.6,73.1,0.89,1,-1,-1
84,14,241.4,221.0,57.7,151.1,0.81,1,-1,-1
84,20,159.9,215.3,20.0,75.0,0.88,1,-1,-1
84,23,43.8,226.0,4.8,21.5,0.57,1,-1,-1
84,25,100.5,227.3,5.0,13.8,0.77,1,-1,-1
85,1,247.2,218.8,71.6,154.6,0.85,1,-1,-1
85,9,126.3,220.0,24.6,72.6,0.90,1,-1,-1
85,14,241.2,220.8,58.5,150.7,0.83,1,-1,-1
85,20,162.4,216.1,23.1,75.1,0.89,1,-1,-1
85,23,43.7,226.6,4.5,21.2,0.51,1,-1,-1
85,25,100.9,227.4,5.1,13.7,0.79,1,-1,-1
86,1,247.4,221.6,70.7,152.2,0.85,1,-1,-1
86,9,128.7,220.4,23.8,73.2,0.90,1,-1,-1
86,14,240.0,221.1,58.4,150.2,0.85,1,-1,-1
86,20,163.1,216.7,24.7,74.7,0.90,1,-1,-1
86,23,43.8,227.1,4.7,20.9,0.47,1,-1,-1
86,25,101.2,227.2,5.0,13.7,0.80,1,-1,-1
87,1,245.5,221.6,71.7,151.4,0.85,1,-1,-1
87,9,132.3,220.2,22.6,74.3,0.89,1,-1,-1
87,14,239.0,221.7,58.6,149.5,0.85,1,-1,-1
87,20,165.2,217.0,25.3,75.9,0.91,1,-1,-1
87,23,43.6,226.6,4.8,21.4,0.40,1,-1,-1
87,25,101.6,226.9,4.9,13.8,0.81,1,-1,-1
88,1,245.3,221.7,72.0,151.4,0.85,1,-1,-1
88,9,134.5,218.7,23.9,76.3,0.90,1,-1,-1
88,14,239.1,221.7,58.4,149.5,0.85,1,-1,-1
88,20,170.8,216.1,22.3,77.3,0.88,1,-1,-1
88,23,43.7,226.8,4.8,21.3,0.34,1,-1,-1
88,25,101.9,226.7,4.7,13.8,0.80,1,-1,-1
89,1,247.3,222.8,71.1,150.8,0.86,1,-1,-1
89,9,137.9,219.0,28.7,77.0,0.91,1,-1,-1
89,14,239.5,222.2,58.0,149.0,0.85,1,-1,-1
89,20,175.2,214.9,21.2,79.6,0.87,1,-1,-1
89,23,43.7,225.7,6.2,22.2,0.21,1,-1,-1
89,25,102.1,226.9,4.7,13.3,0.80,1,-1,-1
89,28,45.5,225.4,9.0,22.9,0.58,1,-1,-1
90,1,246.9,222.7,71.9,151.0,0.86,1,-1,-1
90,9,140.5,219.5,29.2,78.7,0.92,1,-1,-1
90,14,239.7,222.2,59.1,149.0,0.85,1,-1,-1
90,20,177.6,216.5,22.8,78.9,0.88,1,-1,-1
90,23,43.8,227.0,5.7,20.1,0.12,1,-1,-1
90,25,102.5,227.2,4.5,13.1,0.79,1,-1,-1
90,28,47.0,225.3,8.6,23.1,0.66,1,-1,-1
91,1,247.0,222.7,72.5,151.0,0.85,1,-1,-1
91,9,143.6,219.1,28.0,80.0,0.88,1,-1,-1
91,14,239.7,222.3,59.3,149.0,0.85,1,-1,-1
91,20,180.9,217.5,22.8,80.5,0.89,1,-1,-1
91,25,103.0,226.6,5.1,14.1,0.77,1,-1,-1
91,28,46.0,224.6,9.3,23.6,0.66,1,-1,-1
92,1,247.1,223.1,73.5,150.8,0.85,1,-1,-1
92,9,147.3,218.4,29.3,81.2,0.92,1,-1,-1
92,14,239.6,222.5,59.9,148.9,0.86,1,-1,-1
92,20,184.7,216.9,21.2,82.2,0.90,1,-1,-1
92,25,103.2,226.0,4.9,14.8,0.83,1,-1,-1
92,28,47.5,224.1,9.3,25.2,0.69,1,-1,-1
93,1,247.4,223.0,73.9,150.9,0.87,1,-1,-1
93,9,149.8,219.9,27.8,81.2,0.91,1,-1,-1
93,14,239.3,222.2,60.2,149.2,0.86,1,-1,-1
93,20,187.2,215.7,22.1,83.3,0.89,1,-1,-1
93,25,103.7,226.2,4.8,14.4,0.83,1,-1,-1
93,28,50.1,223.2,7.7,25.8,0.73,1,-1,-1
94,1,247.3,219.9,74.4,153.2,0.87,1,-1,-1
94,9,152.9,220.2,29.4,82.8,0.92,1,-1,-1
94,14,239.8,222.7,59.5,148.7,0.86,1,-1,-1
94,20,190.1,216.0,22.9,85.1,0.89,1,-1,-1
94,25,103.9,226.3,5.0,14.4,0.84,1,-1,-1
94,28,50.6,222.5,7.9,26.1,0.75,1,-1,-1
95,1,246.8,219.0,74.9,153.9,0.86,1,-1,-1
95,9,157.9,219.2,25.9,85.4,0.90,1,-1,-1
95,14,239.3,222.4,60.6,149.0,0.87,1,-1,-1
95,20,190.9,217.2,27.2,84.9,0.91,1,-1,-1
95,25,104.3,226.4,4.9,14.8,0.84,1,-1,-1
95,28,50.0,223.2,9.2,26.1,0.78,1,-1,-1
96,1,246.6,218.5,75.2,154.4,0.86,1,-1,-1
96,9,160.1,218.2,28.1,86.1,0.91,1,-1,-1
96,14,238.9,222.4,61.1,149.6,0.87,1,-1,-1
96,20,191.3,217.3,28.2,86.3,0.91,1,-1,-1
96,25,104.6,226.3,4.9,15.0,0.84,1,-1,-1
96,28,49.5,224.0,10.6,26.3,0.79,1,-1,-1
97,1,246.8,217.7,75.1,155.2,0.84,1,-1,-1
97,9,165.3,218.7,31.8,87.5,0.91,1,-1,-1
97,14,237.5,222.6,60.1,149.4,0.85,1,-1,-1
97,20,196.9,217.1,27.4,86.5,0.90,1,-1,-1
97,25,105.3,225.8,4.8,15.4,0.84,1,-1,-1
97,28,50.2,223.9,10.5,27.2,0.76,1,-1,-1
98,1,264.9,215.7,58.1,158.9,0.88,1,-1,-1
98,9,171.0,219.3,32.7,89.7,0.91,1,-1,-1
98,14,228.6,220.2,57.2,153.5,0.80,1,-1,-1
98,20,205.6,215.8,23.2,89.5,0.86,1,-1,-1
98,25,105.8,225.8,4.7,15.2,0.85,1,-1,-1
98,28,51.1,221.7,10.8,29.8,0.80,1,-1,-1
99,1,266.2,214.6,60.4,161.7,0.92,1,-1,-1
99,9,175.8,217.6,32.1,91.6,0.92,1,-1,-1
99,14,223.3,223.0,53.5,153.9,0.87,1,-1,-1
99,20,209.7,216.3,23.4,89.0,0.90,1,-1,-1
99,25,106.2,226.2,4.7,15.3,0.85,1,-1,-1
99,28,51.4,221.6,12.7,30.1,0.85,1,-1,-1
99,29,636.0,250.3,3.7,10.4,0.56,1,-1,-1
100,1,266.4,213.9,63.1,162.5,0.94,1,-1,-1
100,9,178.6,217.8,27.7,91.3,0.91,1,-1,-1
100,14,222.0,224.6,50.5,153.8,0.85,1,-1,-1
100,20,213.3,217.7,22.6,85.8,0.81,1,-1,-1
100,25,106.4,226.2,4.8,15.7,0.86,1,-1,-1
100,28,51.6,221.9,12.9,29.6,0.86,1,-1,-1
100,29,636.0,250.3,3.6,10.1,0.59,1,-1,-1
101,1,272.9,212.6,59.8,164.4,0.92,1,-1,-1
101,9,181.6,219.6,34.5,91.2,0.93,1,-1,-1
101,14,222.3,223.9,49.7,154.1,0.86,1,-1,-1
101,20,216.5,216.8,21.4,87.7,0.83,1,-1,-1
101,25,106.7,226.1,5.0,15.4,0.85,1,-1,-1
101,28,52.2,222.2,13.0,29.8,0.86,1,-1,-1
101,29,636.0,250.5,3.6,9.8,0.59,1,-1,-1
102,1,270.4,211.7,66.3,165.2,0.90,1,-1,-1
102,9,185.8,220.4,32.1,92.0,0.92,1,-1,-1
102,14,222.4,219.7,49.4,158.3,0.86,1,-1,-1
102,20,222.3,216.5,19.3,83.6,0.44,1,-1,-1
102,25,106.9,225.9,5.3,16.1,0.85,1,-1,-1
102,28,52.7,221.6,12.6,30.9,0.85,1,-1,-1
102,29,635.9,250.5,3.7,10.0,0.61,1,-1,-1
103,1,280.2,210.3,56.4,166.2,0.90,1,-1,-1
103,9,190.5,219.8,28.9,93.0,0.91,1,-1,-1
103,14,216.0,221.0,51.3,156.6,0.89,1,-1,-1
103,20,226.9,215.6,19.1,45.9,0.63,1,-1,-1
103,25,107.1,225.9,5.4,15.9,0.84,1,-1,-1
103,28,52.9,220.8,12.6,31.7,0.85,1,-1,-1
103,29,635.8,250.6,3.8,10.0,0.65,1,-1,-1
104,1,282.1,209.4,52.1,167.1,0.89,1,-1,-1
104,9,196.8,218.1,32.6,95.9,0.91,1,-1,-1
104,14,211.6,224.9,55.9,152.9,0.90,1,-1,-1
104,25,107.5,226.2,5.6,15.7,0.83,1,-1,-1
104,28,53.5,221.6,12.6,31.0,0.86,1,-1,-1
104,29,635.6,250.5,3.9,10.0,0.67,1,-1,-1
105,1,282.2,209.7,52.2,167.0,0.89,1,-1,-1
105,9,202.4,218.1,31.7,97.9,0.91,1,-1,-1
105,14,210.4,224.8,61.3,153.4,0.87,1,-1,-1
105,25,107.8,226.2,5.6,15.8,0.82,1,-1,-1
105,28,53.9,222.5,12.8,30.1,0.86,1,-1,-1
105,29,635.5,250.6,3.9,10.0,0.66,1,-1,-1
106,1,284.5,209.5,50.9,167.1,0.90,1,-1,-1
106,9,206.5,220.4,33.8,95.7,0.88,1,-1,-1
106,14,213.1,224.7,61.9,155.4,0.89,1,-1,-1
106,25,108.0,226.1,6.1,16.0,0.78,1,-1,-1
106,28,53.8,222.5,13.3,31.0,0.86,1,-1,-1
106,29,635.2,250.8,4.2,9.6,0.64,1,-1,-1
107,1,286.3,209.2,50.8,167.5,0.92,1,-1,-1
107,9,210.9,220.2,31.0,95.9,0.87,1,-1,-1
107,14,216.6,224.5,62.1,155.7,0.90,1,-1,-1
107,25,108.0,225.8,6.4,16.1,0.63,1,-1,-1
107,28,54.7,221.0,12.5,32.5,0.86,1,-1,-1
107,29,635.0,250.8,4.1,9.4,0.66,1,-1,-1
108,1,287.9,209.2,51.3,167.5,0.92,1,-1,-1
108,9,215.2,217.0,30.1,102.8,0.88,1,-1,-1
108,14,225.2,222.5,58.1,158.0,0.91,1,-1,-1
108,25,109.6,225.8,6.4,15.7,0.55,1,-1,-1
108,28,56.3,220.7,11.4,32.2,0.86,1,-1,-1
108,29,634.8,250.6,4.1,9.6,0.68,1,-1,-1
109,1,285.6,209.5,55.2,167.1,0.92,1,-1,-1
109,9,219.1,217.7,30.2,103.2,0.85,1,-1,-1
109,14,225.7,220.3,65.8,161.3,0.89,1,-1,-1
109,25,110.0,226.1,6.0,15.9,0.72,1,-1,-1
109,28,57.1,221.8,11.5,31.5,0.83,1,-1,-1
109,29,634.7,250.6,4.1,9.5,0.70,1,-1,-1
110,1,283.9,209.4,58.4,167.1,0.92,1,-1,-1
110,9,223.3,220.7,29.0,99.9,0.79,1,-1,-1
110,14,226.1,220.2,71.1,163.9,0.90,1,-1,-1
110,25,110.5,226.2,5.6,16.0,0.76,1,-1,-1
110,28,57.9,222.1,12.8,31.5,0.86,1,-1,-1
110,29,634.6,250.5,4.1,9.5,0.71,1,-1,-1
111,1,280.9,209.4,62.2,167.2,0.92,1,-1,-1
111,9,227.9,222.9,23.4,97.6,0.54,1,-1,-1
111,14,228.4,220.6,70.5,165.1,0.89,1,-1,-1
111,25,110.7,226.0,5.3,16.3,0.83,1,-1,-1
111,28,58.5,221.4,13.5,32.6,0.87,1,-1,-1
111,29,634.6,250.7,4.0,9.1,0.70,1,-1,-1
112,1,281.4,209.9,61.6,166.8,0.92,1,-1,-1
112,14,238.2,218.3,56.0,168.7,0.88,1,-1,-1
112,25,111.1,225.6,5.4,17.3,0.86,1,-1,-1
112,28,58.8,220.2,14.0,33.5,0.86,1,-1,-1
112,29,634.2,250.7,3.9,9.1,0.68,1,-1,-1
113,1,282.0,210.1,61.0,166.7,0.93,1,-1,-1
113,14,236.9,217.9,50.6,169.6,0.90,1,-1,-1
113,25,111.5,225.8,5.3,16.9,0.85,1,-1,-1
113,28,58.5,220.5,14.8,33.0,0.87,1,-1,-1
113,29,633.8,250.5,3.9,9.6,0.69,1,-1,-1
114,1,280.9,210.3,61.8,166.2,0.93,1,-1,-1
114,14,234.3,217.1,53.5,170.2,0.93,1,-1,-1
114,25,111.8,226.2,5.4,16.6,0.85,1,-1,-1
114,28,58.2,221.5,16.0,32.7,0.88,1,-1,-1
114,29,633.6,250.4,3.8,9.5,0.70,1,-1,-1
115,1,279.1,210.4,63.2,166.0,0.94,1,-1,-1
115,14,232.9,216.8,56.7,170.9,0.92,1,-1,-1
115,25,112.1,226.4,5.4,16.8,0.85,1,-1,-1
115,28,58.2,221.8,16.4,32.7,0.88,1,-1,-1
115,29,633.4,250.4,3.8,9.5,0.71,1,-1,-1
116,1,278.1,210.1,63.9,166.3,0.93,1,-1,-1
116,14,231.4,215.9,58.6,171.4,0.90,1,-1,-1
116,25,112.5,226.2,5.3,16.9,0.85,1,-1,-1
116,28,59.2,220.6,15.6,34.5,0.88,1,-1,-1
116,29,633.3,250.6,3.6,9.3,0.65,1,-1,-1
117,1,277.3,210.2,64.3,166.2,0.88,1,-1,-1
117,14,230.4,215.4,59.5,171.8,0.93,1,-1,-1
117,25,113.2,225.8,5.1,17.2,0.86,1,-1,-1
117,28,59.7,220.0,14.8,34.6,0.89,1,-1,-1
117,29,633.2,250.2,3.4,9.6,0.70,1,-1,-1
117,34,297.3,211.9,45.0,127.2,0.78,1,-1,-1
118,1,277.4,210.8,64.8,165.5,0.88,1,-1,-1
118,14,228.4,215.8,63.0,171.4,0.92,1,-1,-1
118,25,113.8,226.1,5.0,16.7,0.86,1,-1,-1
118,28,60.6,220.4,15.0,34.5,0.88,1,-1,-1
118,29,633.0,250.2,3.4,9.8,0.66,1,-1,-1
118,36,320.0,216.4,32.6,117.4,0.80,1,-1,-1
119,1,276.9,210.7,65.0,165.5,0.90,1,-1,-1
119,14,228.4,215.2,62.5,172.0,0.93,1,-1,-1
119,20,323.9,216.7,33.7,120.5,0.86,1,-1,-1
119,25,114.4,226.5,4.8,16.5,0.85,1,-1,-1
119,28,61.5,221.2,15.5,34.3,0.86,1,-1,-1
119,29,632.9,250.2,3.3,9.4,0.70,1,-1,-1
120,1,277.1,211.5,63.1,164.8,0.92,1,-1,-1
120,14,229.2,215.7,61.6,171.4,0.93,1,-1,-1
120,20,329.1,215.6,34.5,120.4,0.86,1,-1,-1
120,25,114.6,226.5,4.8,16.5,0.85,1,-1,-1
120,28,62.0,221.2,15.0,34.8,0.86,1,-1,-1
120,29,632.8,250.2,3.3,9.4,0.69,1,-1,-1
121,1,277.5,212.5,62.9,163.9,0.92,1,-1,-1
121,14,229.7,215.3,63.4,171.8,0.93,1,-1,-1
121,20,340.5,213.2,35.3,122.6,0.89,1,-1,-1
121,25,114.9,226.5,5.4,16.8,0.85,1,-1,-1
121,28,62.6,219.7,15.0,36.7,0.85,1,-1,-1
121,29,632.5,250.3,3.6,9.7,0.63,1,-1,-1
122,1,277.4,211.7,76.0,164.7,0.91,1,-1,-1
122,14,230.0,215.1,63.8,172.1,0.93,1,-1,-1
122,20,340.1,214.4,47.4,124.6,0.90,1,-1,-1
122,25,115.3,226.2,5.5,17.1,0.84,1,-1,-1
122,28,63.1,219.7,14.7,36.5,0.86,1,-1,-1
122,29,632.3,250.3,3.7,10.1,0.54,1,-1,-1
122,37,320.4,229.2,35.2,118.3,0.71,1,-1,-1
123,1,277.3,210.9,63.3,165.5,0.90,1,-1,-1
123,14,230.8,215.3,63.9,171.9,0.93,1,-1,-1
123,20,351.5,217.0,45.3,126.9,0.88,1,-1,-1
123,25,115.9,226.3,5.3,16.9,0.81,1,-1,-1
123,28,62.8,220.9,14.3,35.8,0.85,1,-1,-1
123,29,631.9,250.1,4.1,10.3,0.25,1,-1,-1
123,39,315.3,214.6,45.4,143.4,0.88,1,-1,-1
124,1,276.8,211.2,63.5,164.9,0.91,1,-1,-1
124,9,328.3,218.6,35.8,131.7,0.83,1,-1,-1
124,14,231.2,215.2,63.5,172.0,0.93,1,-1,-1
124,20,355.2,216.8,45.0,128.3,0.92,1,-1,-1
124,25,116.0,226.6,5.6,16.7,0.78,1,-1,-1
124,28,63.0,221.8,14.8,34.9,0.86,1,-1,-1
124,29,631.6,244.8,4.3,15.8,0.59,1,-1,-1
125,1,275.9,211.2,65.0,165.4,0.92,1,-1,-1
125,9,336.6,216.9,39.5,135.0,0.89,1,-1,-1
125,14,231.2,215.1,63.8,171.9,0.92,1,-1,-1
125,20,364.5,214.0,43.5,131.3,0.89,1,-1,-1
125,25,116.7,226.7,5.2,16.0,0.79,1,-1,-1
125,28,63.4,221.4,15.0,35.2,0.87,1,-1,-1
126,1,275.4,211.3,64.4,165.4,0.92,1,-1,-1
126,9,342.6,219.3,54.3,134.6,0.92,1,-1,-1
126,14,231.2,215.0,63.9,172.0,0.92,1,-1,-1
126,20,382.6,211.4,33.1,138.0,0.91,1,-1,-1
126,25,117.0,226.3,5.3,16.7,0.80,1,-1,-1
126,28,64.5,220.4,14.4,36.9,0.86,1,-1,-1
127,1,275.0,211.0,64.3,165.6,0.92,1,-1,-1
127,9,347.4,222.7,59.9,135.5,0.92,1,-1,-1
127,14,231.1,214.9,63.9,172.1,0.92,1,-1,-1
127,20,390.2,212.7,38.0,137.8,0.90,1,-1,-1
127,25,117.3,225.9,5.4,17.0,0.81,1,-1,-1
127,28,65.2,220.5,13.9,36.1,0.86,1,-1,-1
128,1,274.6,210.8,64.0,165.9,0.91,1,-1,-1
128,9,353.6,222.0,54.1,139.1,0.93,1,-1,-1
128,14,231.0,214.9,63.6,172.4,0.92,1,-1,-1
128,20,398.3,215.5,44.0,139.0,0.85,1,-1,-1
128,25,117.7,225.9,5.3,16.7,0.81,1,-1,-1
128,28,66.0,221.3,13.2,35.9,0.85,1,-1,-1
129,1,274.4,210.9,63.6,166.0,0.92,1,-1,-1
129,9,367.8,219.1,43.9,142.8,0.89,1,-1,-1
129,14,231.1,215.2,63.1,172.1,0.92,1,-1,-1
129,20,403.2,215.3,40.4,139.6,0.90,1,-1,-1
129,25,117.9,226.0,5.5,16.9,0.79,1,-1,-1
129,28,66.4,222.1,12.9,35.9,0.86,1,-1,-1
130,1,274.3,211.1,62.9,165.8,0.92,1,-1,-1
130,9,379.8,216.1,45.7,146.7,0.87,1,-1,-1
130,14,230.6,215.3,63.4,172.0,0.92,1,-1,-1
130,20,415.3,211.8,41.3,142.3,0.85,1,-1,-1
130,25,118.6,225.9,5.5,17.6,0.79,1,-1,-1
130,28,66.9,222.4,13.8,36.9,0.85,1,-1,-1
131,1,274.8,210.6,61.8,166.1,0.91,1,-1,-1
131,9,390.6,219.1,56.6,147.5,0.91,1,-1,-1
131,14,230.4,215.1,63.7,172.1,0.92,1,-1,-1
131,20,427.6,210.9,42.5,142.3,0.88,1,-1,-1
131,25,119.1,225.8,5.3,18.0,0.84,1,-1,-1
131,28,67.7,221.4,15.5,37.9,0.86,1,-1,-1
132,1,274.9,210.4,61.3,166.4,0.91,1,-1,-1
132,9,391.8,220.7,61.7,149.8,0.91,1,-1,-1
132,14,230.2,214.8,64.1,172.4,0.92,1,-1,-1
132,20,433.9,211.0,61.8,143.7,0.88,1,-1,-1
132,25,119.3,225.6,5.4,17.8,0.86,1,-1,-1
132,28,67.7,220.9,16.4,38.4,0.88,1,-1,-1
133,1,276.2,210.5,59.9,166.2,0.92,1,-1,-1
133,9,414.7,218.0,46.0,152.6,0.88,1,-1,-1
133,14,229.9,215.2,64.1,172.0,0.93,1,-1,-1
133,20,447.6,215.8,57.0,141.8,0.91,1,-1,-1
133,25,119.6,225.5,5.5,18.2,0.86,1,-1,-1
133,28,67.6,221.8,17.6,37.6,0.88,1,-1,-1
134,1,276.0,210.5,59.4,166.2,0.92,1,-1,-1
134,9,427.0,217.8,48.8,153.5,0.91,1,-1,-1
134,14,229.9,215.5,63.9,171.6,0.93,1,-1,-1
134,20,467.4,215.9,42.0,143.3,0.89,1,-1,-1
134,25,119.9,225.7,5.5,18.0,0.86,1,-1,-1
134,28,67.7,223.2,18.0,38.5,0.87,1,-1,-1
135,1,274.9,210.5,59.8,166.4,0.91,1,-1,-1
135,9,431.6,219.5,70.6,153.3,0.92,1,-1,-1
135,14,229.7,215.4,63.9,171.8,0.93,1,-1,-1
135,20,482.6,213.6,38.8,151.5,0.91,1,-1,-1
135,25,120.4,226.0,5.2,17.6,0.85,1,-1,-1
135,28,68.2,223.0,18.0,39.5,0.86,1,-1,-1
136,1,275.4,210.3,59.1,166.5,0.92,1,-1,-1
136,9,434.1,221.0,77.7,155.7,0.93,1,-1,-1
136,14,229.3,215.5,63.9,171.9,0.94,1,-1,-1
136,20,493.4,216.7,47.6,147.7,0.88,1,-1,-1
136,25,120.9,225.8,5.3,17.9,0.86,1,-1,-1
136,28,69.5,221.7,16.5,41.1,0.85,1,-1,-1
137,1,275.7,210.5,58.5,166.3,0.92,1,-1,-1
137,9,449.5,218.6,65.0,159.3,0.88,1,-1,-1
137,14,229.3,215.6,63.9,171.8,0.94,1,-1,-1
137,20,494.0,219.2,64.8,148.1,0.84,1,-1,-1
137,25,121.5,225.8,5.2,17.9,0.86,1,-1,-1
137,28,71.0,221.9,16.0,41.1,0.86,1,-1,-1
138,1,275.7,210.6,57.9,166.3,0.92,1,-1,-1
138,9,479.7,213.4,51.6,164.1,0.81,1,-1,-1
138,14,229.3,215.5,63.9,171.7,0.93,1,-1,-1
138,20,510.3,219.9,61.4,149.5,0.82,1,-1,-1
138,25,122.2,225.8,4.8,17.4,0.86,1,-1,-1
138,28,72.9,223.3,16.4,40.5,0.85,1,-1,-1
139,1,275.8,210.6,57.6,166.2,0.92,1,-1,-1
139,9,489.6,212.1,58.5,167.4,0.88,1,-1,-1
139,14,229.3,215.6,63.8,171.7,0.93,1,-1,-1
139,20,531.5,217.5,55.0,150.9,0.88,1,-1,-1
139,25,122.7,226.0,4.9,17.8,0.85,1,-1,-1
139,28,73.9,224.4,16.3,40.5,0.85,1,-1,-1
140,1,276.1,210.9,57.4,165.8,0.92,1,-1,-1
140,9,490.2,217.3,77.2,164.7,0.91,1,-1,-1
140,14,229.4,215.7,63.7,171.8,0.93,1,-1,-1
140,20,544.1,217.6,55.5,150.1,0.84,1,-1,-1
140,25,123.1,226.2,5.0,17.5,0.85,1,-1,-1
140,28,75.0,222.8,16.9,42.3,0.87,1,-1,-1
141,1,276.5,211.3,57.0,165.3,0.92,1,-1,-1
141,9,501.2,217.8,71.7,167.0,0.88,1,-1,-1
141,14,229.6,215.7,63.6,171.8,0.94,1,-1,-1
141,20,557.5,219.6,61.1,153.9,0.86,1,-1,-1
141,25,123.4,226.3,5.4,17.8,0.84,1,-1,-1
141,28,75.4,222.8,16.9,42.7,0.88,1,-1,-1
142,1,276.9,211.4,56.9,165.2,0.92,1,-1,-1
142,9,532.1,209.9,53.2,174.8,0.86,1,-1,-1
142,14,229.5,215.7,63.6,171.7,0.94,1,-1,-1
142,20,564.5,219.5,60.0,154.2,0.85,1,-1,-1
142,25,123.8,225.8,5.6,18.2,0.84,1,-1,-1
142,28,75.9,224.1,17.6,40.4,0.87,1,-1,-1
143,1,277.4,211.5,56.9,165.1,0.92,1,-1,-1
143,9,543.6,210.6,68.7,174.6,0.87,1,-1,-1
143,14,229.6,215.7,63.8,171.6,0.94,1,-1,-1
143,20,593.6,218.1,45.5,156.9,0.87,1,-1,-1
143,25,124.0,225.7,5.9,18.8,0.81,1,-1,-1
143,28,76.6,225.0,17.8,41.3,0.87,1,-1,-1
144,1,277.9,211.4,57.1,165.2,0.92,1,-1,-1
144,9,545.7,214.3,78.9,171.3,0.89,1,-1,-1
144,14,229.9,215.8,63.3,171.4,0.93,1,-1,-1
144,20,603.9,209.3,35.8,164.3,0.80,1,-1,-1
144,25,124.0,226.0,6.5,18.6,0.76,1,-1,-1
144,28,77.3,223.7,17.3,42.8,0.87,1,-1,-1
145,1,277.9,211.3,57.7,165.2,0.92,1,-1,-1
145,9,551.7,211.3,86.6,173.8,0.87,1,-1,-1
145,14,230.1,215.9,63.2,171.3,0.93,1,-1,-1
145,25,124.0,226.0,6.8,18.5,0.69,1,-1,-1
145,28,79.1,222.6,16.1,44.2,0.87,1,-1,-1
146,1,278.2,211.3,58.3,165.3,0.93,1,-1,-1
146,9,582.4,204.7,57.2,180.1,0.91,1,-1,-1
146,14,230.3,216.0,63.3,171.1,0.93,1,-1,-1
146,25,124.0,226.1,7.1,18.6,0.59,1,-1,-1
146,28,81.0,223.0,15.5,44.7,0.87,1,-1,-1
147,1,278.3,211.4,59.2,165.2,0.93,1,-1,-1
147,9,602.3,211.9,37.3,174.6,0.83,1,-1,-1
147,14,230.6,216.1,63.0,171.3,0.93,1,-1,-1
147,25,126.6,225.5,5.4,19.4,0.77,1,-1,-1
147,28,82.4,224.7,17.9,43.9,0.87,1,-1,-1
148,1,278.5,211.6,59.5,165.2,0.92,1,-1,-1
148,14,230.9,215.8,62.8,171.8,0.93,1,-1,-1
148,25,127.1,225.7,5.2,19.2,0.82,1,-1,-1
148,28,83.4,223.0,18.1,45.6,0.87,1,-1,-1
148,29,625.9,249.7,3.2,9.3,0.77,1,-1,-1
148,40,603.9,234.6,35.5,151.4,0.77,1,-1,-1
149,1,278.7,211.6,59.8,165.1,0.93,1,-1,-1
149,14,231.2,215.5,62.8,172.1,0.93,1,-1,-1
149,25,127.9,226.4,4.9,18.1,0.85,1,-1,-1
149,28,85.0,221.2,18.3,47.6,0.88,1,-1,-1
149,29,625.5,249.5,3.5,9.8,0.79,1,-1,-1
150,1,279.7,211.2,58.3,165.5,0.92,1,-1,-1
150,14,231.5,215.4,62.7,172.3,0.93,1,-1,-1
150,25,128.4,226.6,5.0,18.5,0.85,1,-1,-1
150,28,86.1,222.4,17.9,46.1,0.87,1,-1,-1
150,29,625.2,249.4,3.4,9.6,0.80,1,-1,-1
151,1,280.0,211.1,58.2,165.5,0.93,1,-1,-1
151,14,232.0,215.7,62.4,171.8,0.93,1,-1,-1
151,25,128.8,226.3,5.2,19.1,0.85,1,-1,-1
151,28,87.0,224.8,19.0,44.2,0.87,1,-1,-1
151,29,624.9,249.4,3.5,9.6,0.81,1,-1,-1
152,1,280.2,211.0,58.0,165.6,0.93,1,-1,-1
152,14,232.2,215.8,62.5,171.6,0.93,1,-1,-1
152,25,129.3,226.2,5.5,19.3,0.84,1,-1,-1
152,28,88.0,223.9,19.0,46.7,0.87,1,-1,-1
152,29,624.5,249.4,3.5,9.5,0.80,1,-1,-1
153,1,280.5,211.1,57.8,165.5,0.93,1,-1,-1
153,14,232.4,215.8,62.4,171.7,0.93,1,-1,-1
153,25,129.9,226.6,5.4,18.5,0.84,1,-1,-1
153,28,90.6,221.2,18.2,49.6,0.89,1,-1,-1
153,29,624.3,249.3,3.7,9.5,0.80,1,-1,-1
154,1,280.6,211.1,57.7,165.5,0.93,1,-1,-1
154,14,232.7,215.8,62.4,171.6,0.93,1,-1,-1
154,25,130.4,226.9,5.4,18.5,0.83,1,-1,-1
154,28,92.5,221.1,17.5,50.1,0.87,1,-1,-1
154,29,624.1,249.4,3.9,9.5,0.80,1,-1,-1
155,1,280.7,211.2,57.6,165.4,0.93,1,-1,-1
155,14,232.9,215.8,62.3,171.6,0.93,1,-1,-1
155,25,130.8,226.8,5.6,18.9,0.83,1,-1,-1
155,28,94.6,222.0,17.8,49.2,0.87,1,-1,-1
155,29,624.0,249.6,4.0,9.2,0.79,1,-1,-1
156,1,280.7,211.2,57.6,165.4,0.93,1,-1,-1
156,14,233.0,215.8,62.3,171.6,0.93,1,-1,-1
156,25,130.9,226.6,5.6,19.1,0.83,1,-1,-1
156,28,94.8,222.3,18.5,49.1,0.87,1,-1,-1
156,29,623.9,249.7,4.1,9.1,0.78,1,-1,-1
157,1,280.7,211.2,57.6,165.4,0.93,1,-1,-1
157,14,233.0,215.8,62.3,171.6,0.93,1,-1,-1
157,25,130.9,226.6,5.6,19.1,0.83,1,-1,-1
157,28,94.8,222.3,18.5,49.1,0.87,1,-1,-1
157,29,623.9,249.7,4.1,9.1,0.78,1,-1,-1
158,1,280.7,211.2,57.6,165.4,0.93,1,-1,-1
158,14,233.0,215.8,62.3,171.6,0.93,1,-1,-1
158,25,130.9,226.6,5.6,19.1,0.83,1,-1,-1
158,28,94.8,222.3,18.5,49.1,0.87,1,-1,-1
158,29,623.9,249.7,4.1,9.1,0.78,1,-1,-1
159,1,280.8,211.0,57.1,165.5,0.92,1,-1,-1
159,14,233.0,216.0,62.5,171.4,0.93,1,-1,-1
159,25,132.7,226.7,5.1,19.0,0.76,1,-1,-1
159,28,101.7,221.0,20.5,51.2,0.89,1,-1,-1
159,29,623.0,249.9,5.0,8.7,0.55,1,-1,-1
160,1,280.7,211.0,57.0,165.5,0.92,1,-1,-1
160,14,233.0,216.0,62.5,171.3,0.93,1,-1,-1
160,25,132.9,226.7,5.3,19.2,0.78,1,-1,-1
160,28,102.5,223.3,22.6,49.5,0.89,1,-1,-1
160,29,622.7,249.9,5.3,8.9,0.49,1,-1,-1
161,1,280.8,210.8,56.8,165.7,0.92,1,-1,-1
161,14,233.0,216.0,62.6,171.4,0.93,1,-1,-1
161,25,133.2,226.5,5.7,19.6,0.79,1,-1,-1
161,28,103.6,223.1,23.0,50.8,0.89,1,-1,-1
161,29,622.3,250.0,5.7,8.9,0.36,1,-1,-1
162,1,280.7,210.8,56.9,165.8,0.92,1,-1,-1
162,14,233.1,215.9,62.5,171.5,0.93,1,-1,-1
162,25,133.5,226.4,5.8,19.6,0.76,1,-1,-1
162,28,107.4,220.4,21.4,53.5,0.91,1,-1,-1
162,29,622.1,249.7,5.9,9.2,0.25,1,-1,-1
163,1,280.7,211.3,57.5,165.3,0.92,1,-1,-1
163,14,232.9,215.9,62.6,171.6,0.93,1,-1,-1
163,25,134.4,226.3,5.9,19.9,0.81,1,-1,-1
163,28,111.4,220.2,19.5,54.8,0.90,1,-1,-1
163,29,622.0,249.7,6.0,9.2,0.17,1,-1,-1
164,1,280.9,210.7,56.9,166.1,0.92,1,-1,-1
164,14,232.8,215.7,62.7,171.8,0.93,1,-1,-1
164,25,135.2,226.5,5.9,19.4,0.83,1,-1,-1
164,28,114.2,221.2,21.4,53.8,0.90,1,-1,-1
164,29,620.0,249.6,5.5,9.7,0.52,1,-1,-1
165,1,280.9,210.7,57.0,166.2,0.92,1,-1,-1
165,14,232.5,215.5,63.1,172.0,0.93,1,-1,-1
165,25,136.0,226.2,5.6,19.9,0.81,1,-1,-1
165,28,115.4,222.5,20.7,53.6,0.90,1,-1,-1
165,29,620.0,249.7,5.2,9.5,0.57,1,-1,-1
166,1,281.1,210.6,57.0,166.3,0.92,1,-1,-1
166,14,232.1,215.2,63.4,172.3,0.93,1,-1,-1
166,25,136.7,226.3,5.2,19.3,0.72,1,-1,-1
166,28,117.4,221.7,21.1,54.7,0.89,1,-1,-1
166,29,620.0,249.6,4.9,9.5,0.61,1,-1,-1
167,1,281.0,210.7,57.3,166.0,0.92,1,-1,-1
167,14,231.7,215.0,63.8,172.7,0.93,1,-1,-1
167,28,121.6,219.7,20.1,57.2,0.89,1,-1,-1
167,29,620.0,249.5,4.6,10.0,0.66,1,-1,-1
168,1,281.1,211.2,58.0,165.7,0.93,1,-1,-1
168,14,231.4,214.9,64.0,172.7,0.93,1,-1,-1
168,28,123.2,220.2,21.8,56.6,0.90,1,-1,-1
168,29,620.0,249.7,4.2,9.5,0.70,1,-1,-1
169,1,281.1,211.1,58.6,165.9,0.93,1,-1,-1
169,14,231.6,214.8,63.6,172.7,0.93,1,-1,-1
169,28,123.0,222.4,25.2,56.0,0.91,1,-1,-1
169,29,620.0,249.8,3.9,9.3,0.74,1,-1,-1
170,1,281.0,211.0,59.0,166.2,0.93,1,-1,-1
170,14,231.6,214.7,63.5,172.9,0.93,1,-1,-1
170,28,123.2,222.4,26.9,57.2,0.90,1,-1,-1
170,29,620.0,249.7,3.6,9.3,0.78,1,-1,-1
171,1,281.1,210.7,59.5,166.3,0.93,1,-1,-1
171,14,231.5,214.8,63.0,172.8,0.93,1,-1,-1
171,28,128.9,219.5,22.5,60.3,0.89,1,-1,-1
171,29,619.9,249.5,3.4,9.6,0.79,1,-1,-1
172,1,281.4,210.4,59.8,166.2,0.93,1,-1,-1
172,14,231.5,214.9,63.1,172.6,0.93,1,-1,-1
172,28,133.2,219.4,20.8,60.8,0.89,1,-1,-1
172,29,619.8,249.5,3.3,9.6,0.80,1,-1,-1
173,1,281.6,210.5,60.5,166.3,0.93,1,-1,-1
173,14,231.5,214.9,63.5,172.5,0.93,1,-1,-1
173,28,136.5,220.3,22.5,59.8,0.90,1,-1,-1
173,29,619.7,249.5,3.2,9.5,0.81,1,-1,-1
174,1,282.1,210.5,63.8,168.1,0.92,1,-1,-1
174,14,231.8,214.6,63.8,172.8,0.93,1,-1,-1
174,28,138.2,220.6,23.9,61.9,0.91,1,-1,-1
174,29,619.3,249.5,3.1,9.7,0.81,1,-1,-1
175,1,282.6,210.9,65.9,169.9,0.92,1,-1,-1
175,14,231.9,214.6,63.8,172.9,0.93,1,-1,-1
175,28,141.9,219.7,24.8,63.1,0.88,1,-1,-1
175,29,619.0,249.5,3.1,9.7,0.81,1,-1,-1
176,1,283.2,211.3,65.5,169.0,0.92,1,-1,-1
176,14,232.2,214.8,63.5,172.8,0.93,1,-1,-1
176,25,144.3,225.4,6.4,21.4,0.93,1,-1,-1
176,28,145.6,217.6,24.6,65.8,0.88,1,-1,-1
176,29,618.6,249.5,3.2,9.8,0.81,1,-1,-1
177,1,285.4,210.9,67.3,169.6,0.92,1,-1,-1
177,14,232.3,214.8,63.4,172.9,0.93,1,-1,-1
177,25,144.6,225.7,6.7,21.8,0.78,1,-1,-1
177,28,146.2,219.3,26.2,64.9,0.88,1,-1,-1
177,29,618.4,249.5,3.2,9.6,0.81,1,-1,-1
178,1,286.7,210.4,69.6,169.9,0.92,1,-1,-1
178,14,232.5,214.8,63.3,172.8,0.93,1,-1,-1
178,25,145.2,226.0,6.2,21.1,0.81,1,-1,-1
178,28,146.9,221.1,28.3,64.2,0.89,1,-1,-1
178,29,618.0,249.5,3.2,9.6,0.80,1,-1,-1
179,1,292.8,209.8,67.0,171.6,0.94,1,-1,-1
179,14,232.7,214.4,62.9,173.3,0.93,1,-1,-1
179,25,145.7,226.1,6.6,20.1,0.84,1,-1,-1
179,28,147.9,221.7,30.7,64.9,0.90,1,-1,-1
179,29,617.4,249.1,3.4,10.0,0.82,1,-1,-1
180,1,294.7,209.7,67.1,172.3,0.94,1,-1,-1
180,14,232.8,214.3,62.8,173.4,0.93,1,-1,-1
180,25,146.3,225.8,6.5,20.0,0.72,1,-1,-1
180,28,152.3,219.0,28.8,68.4,0.89,1,-1,-1
180,29,617.2,248.8,3.4,10.2,0.83,1,-1,-1
181,1,296.6,209.9,65.8,170.2,0.93,1,-1,-1
181,14,232.9,214.3,62.7,173.4,0.93,1,-1,-1
181,25,147.0,225.6,6.6,21.6,0.83,1,-1,-1
181,28,157.8,218.7,25.4,69.6,0.89,1,-1,-1
181,29,617.0,248.7,3.5,10.1,0.84,1,-1,-1
182,1,297.1,209.8,65.8,170.4,0.93,1,-1,-1
182,14,232.9,214.8,62.8,172.7,0.94,1,-1,-1
182,25,147.6,225.9,6.5,20.8,0.85,1,-1,-1
182,28,162.8,220.1,28.4,68.0,0.89,1,-1,-1
182,29,616.8,248.8,3.4,10.0,0.84,1,-1,-1
183,1,297.3,209.6,65.9,170.5,0.93,1,-1,-1
183,14,233.0,215.3,62.6,172.3,0.94,1,-1,-1
183,25,148.0,226.2,6.8,20.2,0.82,1,-1,-1
183,28,164.3,222.8,30.9,67.5,0.91,1,-1,-1
183,29,616.4,248.9,3.6,9.9,0.83,1,-1,-1
184,1,297.5,209.2,66.3,172.1,0.92,1,-1,-1
184,14,233.0,215.4,62.6,172.2,0.94,1,-1,-1
184,25,148.7,226.4,6.7,20.7,0.79,1,-1,-1
184,28,166.9,220.5,30.4,70.0,0.89,1,-1,-1
184,29,616.1,248.8,3.9,10.1,0.82,1,-1,-1
185,1,297.3,209.5,66.4,170.7,0.92,1,-1,-1
185,14,232.8,215.6,62.7,172.2,0.94,1,-1,-1
185,25,149.8,225.4,6.3,21.7,0.85,1,-1,-1
185,28,175.4,219.0,28.5,72.0,0.89,1,-1,-1
185,29,615.9,248.7,4.1,10.1,0.80,1,-1,-1
186,1,297.4,209.6,66.5,170.7,0.92,1,-1,-1
186,14,232.5,215.6,62.7,172.3,0.94,1,-1,-1
186,25,150.7,225.2,6.1,21.1,0.85,1,-1,-1
186,28,175.7,219.8,34.1,72.8,0.92,1,-1,-1
186,29,615.5,248.8,4.5,9.7,0.75,1,-1,-1
186,41,56.2,233.5,3.8,7.8,0.51,1,-1,-1
187,1,297.0,208.8,66.7,171.0,0.92,1,-1,-1
187,14,232.4,215.8,62.5,172.1,0.94,1,-1,-1
187,25,150.9,225.3,6.1,21.4,0.84,1,-1,-1
187,28,176.3,221.8,35.8,71.6,0.93,1,-1,-1
187,29,615.1,248.9,4.9,9.7,0.62,1,-1,-1
187,41,56.2,233.5,3.8,7.9,0.55,1,-1,-1
188,1,297.4,209.8,66.7,170.5,0.92,1,-1,-1
188,14,232.2,216.0,62.2,172.0,0.94,1,-1,-1
188,25,151.8,226.1,6.2,20.7,0.82,1,-1,-1
188,28,179.9,223.4,37.1,73.1,0.93,1,-1,-1
188,29,614.6,249.2,5.4,9.6,0.41,1,-1,-1
188,41,56.3,233.3,3.7,8.1,0.56,1,-1,-1
189,1,297.1,209.9,67.0,170.2,0.92,1,-1,-1
189,14,231.8,215.6,62.4,172.6,0.93,1,-1,-1
189,25,152.4,225.7,6.3,22.1,0.84,1,-1,-1
189,28,185.4,221.2,33.6,75.8,0.91,1,-1,-1
189,29,614.3,249.2,5.7,9.6,0.29,1,-1,-1
189,41,56.6,233.3,3.5,8.0,0.56,1,-1,-1
190,1,296.8,209.0,67.2,170.9,0.92,1,-1,-1
190,14,231.5,215.6,62.6,172.6,0.93,1,-1,-1
190,25,152.9,225.5,6.4,21.4,0.84,1,-1,-1
190,28,195.4,219.8,27.2,77.9,0.92,1,-1,-1
190,29,614.1,249.0,5.9,9.5,0.22,1,-1,-1
190,41,56.6,233.4,3.5,7.9,0.50,1,-1,-1
191,1,296.4,208.6,67.6,171.3,0.93,1,-1,-1
191,14,232.6,215.9,61.4,172.1,0.93,1,-1,-1
191,25,153.5,225.6,6.7,21.8,0.83,1,-1,-1
191,28,200.9,221.2,33.1,77.6,0.92,1,-1,-1
191,29,613.8,249.0,6.2,9.5,0.12,1,-1,-1
191,41,57.3,233.3,3.1,7.8,0.55,1,-1,-1
192,1,296.4,208.5,67.5,171.4,0.93,1,-1,-1
192,14,233.3,215.7,60.4,172.5,0.93,1,-1,-1
192,25,154.3,226.1,6.6,21.6,0.83,1,-1,-1
192,28,201.8,222.1,33.8,78.5,0.91,1,-1,-1
192,29,613.5,247.9,3.9,10.3,0.15,1,-1,-1
192,41,58.0,233.4,3.6,7.8,0.53,1,-1,-1
193,1,296.2,209.3,68.1,172.2,0.93,1,-1,-1
193,14,231.9,215.5,61.9,172.6,0.92,1,-1,-1
193,25,155.0,226.3,6.6,21.1,0.83,1,-1,-1
193,28,203.6,221.8,32.2,79.1,0.89,1,-1,-1
193,29,612.0,248.4,5.2,10.7,0.55,1,-1,-1
193,41,58.2,233.4,3.8,7.8,0.55,1,-1,-1
194,1,296.2,208.4,67.6,171.5,0.93,1,-1,-1
194,14,232.2,215.7,61.9,172.4,0.92,1,-1,-1
194,25,155.8,225.8,6.7,21.3,0.85,1,-1,-1
194,28,215.2,219.3,25.3,82.7,0.84,1,-1,-1
194,29,612.0,248.5,4.8,10.4,0.64,1,-1,-1
194,41,59.3,233.6,4.2,7.9,0.59,1,-1,-1
195,1,296.1,208.5,67.6,171.4,0.93,1,-1,-1
195,14,230.2,215.8,64.1,172.3,0.92,1,-1,-1
195,25,156.0,225.6,7.1,21.2,0.68,1,-1,-1
195,28,219.6,218.6,27.1,85.4,0.86,1,-1,-1
195,29,612.0,248.8,4.4,9.9,0.72,1,-1,-1
195,41,59.4,233.5,4.3,7.9,0.61,1,-1,-1
196,1,296.0,208.5,67.6,171.6,0.93,1,-1,-1
196,14,230.2,216.4,63.9,171.8,0.92,1,-1,-1
196,25,157.5,225.8,6.5,20.6,0.76,1,-1,-1
196,28,219.3,223.4,30.0,78.7,0.87,1,-1,-1
196,29,612.0,248.8,3.9,9.6,0.77,1,-1,-1
196,41,59.3,233.7,4.4,7.8,0.61,1,-1,-1
197,1,295.9,208.4,67.6,171.6,0.93,1,-1,-1
197,14,227.8,216.4,66.2,171.7,0.92,1,-1,-1
197,25,158.1,225.8,6.0,21.1,0.83,1,-1,-1
197,28,221.9,223.4,27.0,78.5,0.75,1,-1,-1
197,29,612.0,248.6,3.7,9.7,0.78,1,-1,-1
197,41,58.7,233.7,4.1,7.3,0.54,1,-1,-1
198,1,295.7,210.0,68.0,170.4,0.93,1,-1,-1
198,14,231.0,216.0,63.2,172.1,0.94,1,-1,-1
198,25,158.7,225.9,6.1,21.5,0.83,1,-1,-1
198,29,611.9,248.1,3.6,10.2,0.81,1,-1,-1
198,41,59.0,233.8,4.5,7.4,0.46,1,-1,-1
199,1,295.7,209.9,67.9,170.3,0.93,1,-1,-1
199,14,231.7,216.2,62.6,171.8,0.93,1,-1,-1
199,25,159.1,225.8,6.2,21.7,0.82,1,-1,-1
199,29,611.7,248.1,3.6,10.2,0.82,1,-1,-1
199,41,58.9,233.7,4.4,8.5,0.42,1,-1,-1
200,1,295.9,208.4,67.5,171.6,0.93,1,-1,-1
200,14,231.7,216.2,62.6,172.0,0.93,1,-1,-1
200,25,159.8,225.8,6.2,21.9,0.82,1,-1,-1
200,29,611.7,248.2,3.5,10.1,0.82,1,-1,-1
201,1,295.7,208.0,67.8,172.0,0.92,1,-1,-1
201,14,231.8,216.2,62.5,172.0,0.93,1,-1,-1
201,25,160.5,225.6,6.5,22.5,0.82,1,-1,-1
201,29,611.6,248.1,3.4,10.2,0.82,1,-1,-1
202,1,295.5,207.5,68.0,172.3,0.92,1,-1,-1
202,14,231.7,215.2,59.5,172.9,0.92,1,-1,-1
202,25,161.3,225.9,6.6,22.1,0.82,1,-1,-1
202,29,611.4,248.0,3.3,10.4,0.83,1,-1,-1
203,1,295.3,207.7,68.2,172.1,0.92,1,-1,-1
203,14,231.6,215.7,59.6,172.4,0.92,1,-1,-1
203,25,162.0,226.1,6.8,22.1,0.82,1,-1,-1
203,28,276.5,217.5,30.8,97.8,0.87,1,-1,-1
203,29,611.3,248.0,3.3,10.4,0.83,1,-1,-1
204,1,296.1,207.8,67.5,171.9,0.91,1,-1,-1
204,14,231.6,215.8,61.8,172.5,0.92,1,-1,-1
204,25,162.7,225.8,6.9,22.5,0.83,1,-1,-1
204,28,278.6,216.6,35.0,102.1,0.89,1,-1,-1
204,29,611.0,247.9,3.3,10.3,0.84,1,-1,-1
205,1,298.1,207.2,65.5,172.5,0.90,1,-1,-1
205,14,231.6,215.9,62.8,172.6,0.92,1,-1,-1
205,25,163.4,225.5,6.7,22.6,0.83,1,-1,-1
205,28,281.0,220.1,34.3,100.1,0.77,1,-1,-1
205,29,610.7,247.9,3.5,10.4,0.84,1,-1,-1
206,1,299.4,207.1,64.6,172.5,0.89,1,-1,-1
206,14,231.7,215.9,62.1,172.4,0.92,1,-1,-1
206,25,164.0,225.4,6.6,22.4,0.82,1,-1,-1
206,28,285.7,221.9,35.6,95.4,0.78,1,-1,-1
206,29,610.3,247.7,3.6,10.6,0.84,1,-1,-1
207,1,298.0,207.8,65.9,171.7,0.89,1,-1,-1
207,14,231.6,215.8,62.5,172.8,0.93,1,-1,-1
207,25,164.7,225.9,6.0,22.7,0.78,1,-1,-1
207,28,292.3,220.8,32.9,99.3,0.77,1,-1,-1
207,29,610.1,247.6,3.6,10.8,0.85,1,-1,-1
208,1,299.1,208.1,64.8,171.7,0.91,1,-1,-1
208,14,231.6,216.1,62.6,172.1,0.94,1,-1,-1
208,25,165.4,225.9,6.3,22.4,0.77,1,-1,-1
208,28,306.8,223.8,23.0,106.7,0.37,1,-1,-1
208,29,609.8,247.6,3.7,10.8,0.85,1,-1,-1
208,41,59.8,233.1,4.3,6.9,0.59,1,-1,-1
209,1,297.5,209.0,67.0,171.2,0.92,1,-1,-1
209,14,231.5,216.1,62.8,172.0,0.94,1,-1,-1
209,25,166.1,225.4,6.2,22.6,0.82,1,-1,-1
209,29,609.6,247.7,3.7,10.5,0.84,1,-1,-1
209,41,59.9,233.3,3.9,7.8,0.70,1,-1,-1
210,1,294.2,208.9,72.2,172.6,0.92,1,-1,-1
210,14,231.5,216.1,62.9,171.8,0.93,1,-1,-1
210,25,166.4,225.0,6.6,22.8,0.83,1,-1,-1
210,29,609.4,247.8,3.6,10.4,0.84,1,-1,-1
210,41,59.9,233.2,4.0,8.0,0.71,1,-1,-1
211,1,296.1,209.1,71.3,171.6,0.89,1,-1,-1
211,14,231.6,216.0,62.8,171.9,0.94,1,-1,-1
211,25,167.5,225.2,6.5,23.0,0.82,1,-1,-1
211,29,608.9,247.8,3.8,10.6,0.84,1,-1,-1
211,41,59.7,233.1,4.3,8.0,0.63,1,-1,-1
212,1,296.1,209.6,69.3,170.1,0.91,1,-1,-1
212,14,231.7,215.9,62.9,172.1,0.94,1,-1,-1
212,25,168.0,225.7,6.7,22.3,0.82,1,-1,-1
212,28,354.6,218.8,28.3,113.0,0.84,1,-1,-1
212,29,608.6,247.6,3.9,11.1,0.85,1,-1,-1
212,41,59.6,233.2,4.6,8.0,0.58,1,-1,-1
213,1,296.4,209.2,69.3,170.3,0.91,1,-1,-1
213,14,231.8,215.6,63.6,172.6,0.93,1,-1,-1
213,25,168.7,225.6,7.0,22.6,0.83,1,-1,-1
213,28,356.5,217.7,38.6,118.4,0.90,1,-1,-1
213,29,608.4,247.7,3.8,10.6,0.84,1,-1,-1
213,46,56.8,233.1,3.8,8.0,0.52,1,-1,-1
214,1,296.9,209.9,70.7,171.0,0.91,1,-1,-1
214,14,231.6,215.3,63.5,172.7,0.93,1,-1,-1
214,25,169.9,225.4,6.9,22.4,0.83,1,-1,-1
214,28,357.1,221.6,48.6,117.3,0.93,1,-1,-1
214,29,608.2,247.8,3.9,10.4,0.83,1,-1,-1
214,46,56.1,232.9,4.0,8.0,0.70,1,-1,-1
215,1,297.0,209.0,70.0,170.7,0.91,1,-1,-1
215,14,231.7,215.1,64.0,173.0,0.93,1,-1,-1
215,25,170.9,225.2,6.6,22.7,0.84,1,-1,-1
215,28,357.3,225.0,57.2,116.0,0.92,1,-1,-1
215,29,607.8,247.7,4.2,10.6,0.80,1,-1,-1
215,46,56.3,232.6,3.8,8.4,0.69,1,-1,-1
216,1,296.9,209.2,69.1,170.3,0.91,1,-1,-1
216,14,231.6,215.1,64.4,173.0,0.93,1,-1,-1
216,25,171.7,225.2,6.4,22.1,0.84,1,-1,-1
216,28,370.8,223.0,52.0,119.9,0.94,1,-1,-1
216,29,607.4,247.6,4.6,10.9,0.76,1,-1,-1
216,46,56.6,232.6,3.6,8.5,0.69,1,-1,-1
217,1,297.1,209.0,68.1,170.5,0.92,1,-1,-1
217,14,231.8,215.3,64.5,172.8,0.94,1,-1,-1
217,25,172.0,225.5,6.6,22.3,0.82,1,-1,-1
217,28,388.4,218.7,43.6,124.3,0.93,1,-1,-1
217,29,607.1,247.5,4.9,11.0,0.72,1,-1,-1
217,46,56.8,232.6,3.5,8.5,0.69,1,-1,-1
218,1,297.3,209.2,67.7,170.3,0.92,1,-1,-1
218,14,232.2,215.4,64.0,172.8,0.94,1,-1,-1
218,25,172.0,225.6,7.2,22.4,0.64,1,-1,-1
218,28,399.5,220.2,52.5,123.6,0.93,1,-1,-1
218,29,606.7,247.4,5.3,11.0,0.64,1,-1,-1
218,46,56.9,232.8,3.4,8.2,0.69,1,-1,-1
219,1,297.0,209.0,67.6,170.5,0.92,1,-1,-1
219,14,233.1,215.7,63.3,172.4,0.94,1,-1,-1
219,25,173.5,225.0,6.6,23.2,0.83,1,-1,-1
219,28,399.5,222.1,75.7,126.0,0.94,1,-1,-1
219,29,606.2,247.5,5.8,11.3,0.51,1,-1,-1
219,46,57.0,232.9,4.0,9.0,0.54,1,-1,-1
220,1,297.2,209.4,67.4,169.9,0.92,1,-1,-1
220,14,233.7,215.9,63.4,172.0,0.94,1,-1,-1
220,25,174.4,224.8,6.4,23.8,0.83,1,-1,-1
220,28,418.3,220.2,63.7,130.6,0.93,1,-1,-1
220,29,606.0,247.3,6.0,11.6,0.33,1,-1,-1
220,46,57.2,232.4,3.2,7.7,0.61,1,-1,-1
221,1,294.2,210.5,71.2,169.7,0.91,1,-1,-1
221,14,234.5,216.2,63.3,171.4,0.93,1,-1,-1
221,25,175.2,225.2,6.3,22.7,0.81,1,-1,-1
221,28,445.4,217.4,46.8,133.3,0.92,1,-1,-1
221,29,605.8,247.3,6.2,11.6,0.27,1,-1,-1
222,1,293.0,210.0,71.9,170.0,0.91,1,-1,-1
222,14,234.8,216.0,63.8,171.9,0.92,1,-1,-1
222,25,175.9,225.6,6.1,22.6,0.81,1,-1,-1
222,28,454.5,219.0,51.6,137.6,0.93,1,-1,-1
222,29,604.0,247.3,6.1,12.1,0.51,1,-1,-1
223,1,282.1,209.4,81.0,169.7,0.90,1,-1,-1
223,14,235.4,215.8,90.5,172.6,0.86,1,-1,-1
223,25,176.6,225.6,6.6,22.8,0.82,1,-1,-1
223,28,455.1,222.8,75.5,137.7,0.94,1,-1,-1
223,29,604.0,247.7,5.5,11.4,0.60,1,-1,-1
224,1,280.8,210.0,80.9,169.7,0.90,1,-1,-1
224,14,235.4,215.9,76.8,171.7,0.72,1,-1,-1
224,25,176.9,225.2,6.8,23.2,0.82,1,-1,-1
224,28,461.2,224.4,70.8,138.5,0.93,1,-1,-1
224,29,604.0,247.7,5.2,11.5,0.67,1,-1,-1
225,14,237.4,213.1,116.2,169.6,0.82,1,-1,-1
225,25,177.7,225.2,7.0,22.5,0.83,1,-1,-1
225,28,491.6,218.6,55.6,145.2,0.92,1,-1,-1
225,29,604.0,247.2,5.1,12.1,0.73,1,-1,-1
226,14,243.4,214.3,98.1,174.0,0.88,1,-1,-1
226,25,178.6,225.4,6.6,22.4,0.83,1,-1,-1
226,28,510.4,216.0,51.1,147.6,0.91,1,-1,-1
226,29,604.0,247.1,5.0,12.4,0.77,1,-1,-1
227,14,248.0,215.0,89.9,172.9,0.88,1,-1,-1
227,25,179.5,225.5,6.4,22.1,0.84,1,-1,-1
227,28,510.2,219.6,78.6,144.3,0.92,1,-1,-1
227,29,604.0,247.4,4.8,12.3,0.80,1,-1,-1
228,14,252.1,216.2,74.7,171.3,0.89,1,-1,-1
228,25,180.0,225.3,6.8,22.7,0.82,1,-1,-1
228,28,512.0,221.4,85.5,149.3,0.92,1,-1,-1
228,29,603.7,247.5,4.7,12.2,0.81,1,-1,-1
228,46,57.2,231.9,3.9,8.8,0.75,1,-1,-1
229,14,252.2,216.6,72.5,170.8,0.88,1,-1,-1
229,25,180.8,225.2,6.4,23.6,0.77,1,-1,-1
229,28,528.2,223.3,79.5,150.1,0.90,1,-1,-1
229,46,57.5,232.0,3.5,8.4,0.77,1,-1,-1
230,14,252.3,216.8,72.2,170.6,0.88,1,-1,-1
230,25,181.0,224.9,7.0,23.1,0.81,1,-1,-1
230,28,562.7,224.5,61.4,148.9,0.89,1,-1,-1
230,46,57.5,232.0,3.4,8.3,0.76,1,-1,-1
231,14,252.3,217.2,72.1,170.4,0.88,1,-1,-1
231,25,181.7,225.2,6.9,23.1,0.82,1,-1,-1
231,28,573.1,215.9,66.3,158.5,0.91,1,-1,-1
231,46,57.5,231.9,3.4,8.4,0.76,1,-1,-1
232,14,252.4,216.9,72.8,170.8,0.87,1,-1,-1
232,25,182.8,225.4,6.7,23.0,0.83,1,-1,-1
232,28,588.9,206.6,50.5,166.9,0.88,1,-1,-1
232,29,603.0,247.6,3.9,11.8,0.82,1,-1,-1
232,46,57.5,231.7,3.4,8.5,0.76,1,-1,-1
233,14,252.2,216.9,73.2,170.8,0.88,1,-1,-1
233,25,183.8,225.0,6.9,23.6,0.84,1,-1,-1
233,29,602.6,247.7,3.7,11.5,0.83,1,-1,-1
233,46,57.5,231.8,3.4,8.4,0.76,1,-1,-1
234,14,252.3,216.7,73.1,170.9,0.88,1,-1,-1
234,25,184.7,224.7,7.3,24.2,0.84,1,-1,-1
234,29,602.2,247.6,3.8,11.7,0.84,1,-1,-1
234,46,57.5,231.8,3.4,8.4,0.76,1,-1,-1
235,14,252.4,216.5,73.1,171.2,0.88,1,-1,-1
235,25,185.1,224.8,7.7,23.4,0.84,1,-1,-1
235,29,602.1,247.6,3.7,11.4,0.84,1,-1,-1
235,46,57.6,231.8,3.2,8.4,0.75,1,-1,-1
236,14,252.6,216.3,73.1,171.3,0.88,1,-1,-1
236,25,185.4,225.2,7.6,22.9,0.83,1,-1,-1
236,29,601.9,247.8,3.8,11.6,0.83,1,-1,-1
236,46,57.7,231.7,3.2,8.5,0.75,1,-1,-1
237,14,252.7,216.3,72.9,171.5,0.88,1,-1,-1
237,25,186.1,225.2,7.6,23.0,0.84,1,-1,-1
237,29,601.5,247.7,3.8,11.8,0.83,1,-1,-1
237,46,57.8,231.4,3.3,8.7,0.76,1,-1,-1
238,14,252.5,216.2,73.0,171.3,0.88,1,-1,-1
238,25,187.0,225.0,7.5,23.7,0.85,1,-1,-1
238,29,601.3,247.4,3.9,11.9,0.84,1,-1,-1
238,46,57.9,231.5,3.3,8.6,0.76,1,-1,-1
239,14,252.6,216.4,73.3,171.0,0.87,1,-1,-1
239,25,187.9,224.7,7.1,24.0,0.84,1,-1,-1
239,29,601.0,247.6,4.0,11.6,0.85,1,-1,-1
239,46,58.0,231.6,3.4,8.5,0.76,1,-1,-1
240,14,252.5,216.5,73.0,170.7,0.88,1,-1,-1
240,25,188.6,224.5,7.4,24.8,0.73,1,-1,-1
240,29,600.8,247.8,4.1,11.4,0.85,1,-1,-1
240,46,58.2,231.7,3.5,8.4,0.74,1,-1,-1
241,14,251.7,216.5,73.8,170.9,0.89,1,-1,-1
241,25,189.3,224.8,8.4,24.7,0.85,1,-1,-1
241,29,600.5,248.0,4.2,11.4,0.85,1,-1,-1
241,46,58.2,231.7,3.5,8.5,0.72,1,-1,-1
242,14,246.3,215.9,84.1,172.5,0.89,1,-1,-1
242,25,190.2,224.9,8.1,24.7,0.82,1,-1,-1
242,29,600.3,247.9,4.1,11.3,0.85,1,-1,-1
242,46,58.2,231.4,3.5,8.7,0.74,1,-1,-1
243,1,243.1,211.3,107.4,171.5,0.81,1,-1,-1
243,14,241.7,215.1,78.3,173.0,0.65,1,-1,-1
243,25,191.5,224.6,7.8,24.8,0.83,1,-1,-1
243,29,600.0,247.7,4.2,11.8,0.84,1,-1,-1
243,46,58.2,231.3,3.5,8.8,0.73,1,-1,-1
244,1,275.8,212.4,85.9,170.7,0.84,1,-1,-1
244,14,241.3,216.0,69.6,173.8,0.73,1,-1,-1
244,25,192.5,224.3,7.7,24.9,0.83,1,-1,-1
244,29,599.8,247.7,4.3,11.6,0.84,1,-1,-1
244,46,58.1,231.3,3.5,8.8,0.74,1,-1,-1
245,1,281.4,210.5,81.3,172.7,0.87,1,-1,-1
245,14,242.1,214.4,79.5,176.4,0.76,1,-1,-1
245,25,193.0,224.5,8.1,24.7,0.83,1,-1,-1
245,29,599.6,248.0,4.5,11.4,0.83,1,-1,-1
245,46,58.0,231.3,3.4,8.8,0.75,1,-1,-1
246,1,283.2,208.0,80.1,175.1,0.90,1,-1,-1
246,14,242.1,215.3,67.2,175.7,0.77,1,-1,-1
246,25,193.6,224.8,7.8,24.5,0.82,1,-1,-1
246,29,599.4,247.9,4.6,11.6,0.83,1,-1,-1
246,46,58.0,231.3,3.4,8.7,0.76,1,-1,-1
247,1,295.9,207.4,70.3,175.3,0.90,1,-1,-1
247,14,242.2,214.2,79.1,177.3,0.84,1,-1,-1
247,25,195.2,224.9,7.7,24.7,0.82,1,-1,-1
247,29,599.0,247.5,5.0,12.0,0.77,1,-1,-1
247,46,58.1,231.2,3.5,8.8,0.77,1,-1,-1
248,1,303.2,206.8,63.6,176.1,0.89,1,-1,-1
248,14,240.9,216.3,59.6,174.3,0.79,1,-1,-1
248,25,196.4,224.8,7.1,25.2,0.76,1,-1,-1
248,29,598.7,247.5,5.3,12.0,0.72,1,-1,-1
248,46,58.2,231.0,3.5,8.9,0.77,1,-1,-1
249,1,312.7,207.2,54.0,176.3,0.87,1,-1,-1
249,14,241.2,217.3,65.1,173.4,0.87,1,-1,-1
249,25,197.4,224.1,7.6,25.8,0.84,1,-1,-1
249,29,598.3,247.3,4.6,11.4,0.71,1,-1,-1
249,46,58.2,231.0,3.6,8.9,0.78,1,-1,-1
250,1,314.2,206.8,52.7,176.9,0.85,1,-1,-1
250,14,240.6,217.7,73.3,174.1,0.84,1,-1,-1
250,25,198.0,224.2,7.6,25.4,0.83,1,-1,-1
250,29,598.1,247.2,4.6,11.4,0.73,1,-1,-1
250,46,58.2,231.1,3.6,8.7,0.77,1,-1,-1
251,1,312.4,207.2,52.5,178.3,0.85,1,-1,-1
251,14,241.5,219.3,96.3,175.0,0.92,1,-1,-1
251,25,198.7,224.8,8.3,25.0,0.84,1,-1,-1
251,29,597.8,247.0,4.5,11.4,0.76,1,-1,-1
251,46,58.1,231.1,3.6,8.7,0.77,1,-1,-1
252,1,316.4,207.9,47.4,176.3,0.84,1,-1,-1
252,14,243.5,219.0,94.3,180.5,0.91,1,-1,-1
252,25,199.5,224.9,8.2,25.0,0.83,1,-1,-1
252,29,597.7,246.8,4.5,11.5,0.77,1,-1,-1
252,46,57.9,231.1,3.7,8.7,0.78,1,-1,-1
253,1,323.9,209.3,38.4,175.5,0.81,1,-1,-1
253,14,255.9,218.0,82.4,183.0,0.89,1,-1,-1
253,25,200.2,224.7,8.3,25.5,0.84,1,-1,-1
253,29,597.4,246.8,4.6,11.4,0.76,1,-1,-1
253,46,57.9,231.0,3.7,8.7,0.77,1,-1,-1
254,1,310.2,211.4,49.5,177.2,0.69,1,-1,-1
254,14,280.9,210.3,78.4,190.5,0.89,1,-1,-1
254,25,201.7,224.5,7.9,25.5,0.85,1,-1,-1
254,29,597.2,247.0,4.8,11.4,0.74,1,-1,-1
254,46,57.9,231.0,3.7,8.8,0.77,1,-1,-1
255,14,290.2,209.5,80.3,197.0,0.86,1,-1,-1
255,25,202.4,224.3,7.6,25.9,0.86,1,-1,-1
255,29,597.0,247.0,4.7,11.2,0.73,1,-1,-1
255,46,57.9,231.0,3.7,8.8,0.77,1,-1,-1
256,14,308.4,207.7,94.1,207.2,0.90,1,-1,-1
256,25,203.5,224.5,7.4,25.7,0.84,1,-1,-1
256,29,596.0,246.4,5.2,12.7,0.75,1,-1,-1
256,46,58.0,231.1,3.7,8.8,0.77,1,-1,-1
256,48,62.5,231.6,5.5,8.6,0.51,1,-1,-1
257,1,288.9,208.9,60.8,173.4,0.86,1,-1,-1
257,14,314.5,206.0,118.8,217.6,0.92,1,-1,-1
257,25,204.8,224.9,7.2,25.4,0.78,1,-1,-1
257,29,595.8,246.1,4.8,12.8,0.78,1,-1,-1
257,46,58.5,231.1,3.6,8.8,0.77,1,-1,-1
257,48,62.7,231.6,5.3,8.6,0.53,1,-1,-1
258,1,288.1,208.9,59.8,173.5,0.91,1,-1,-1
258,14,339.2,205.4,109.0,219.1,0.91,1,-1,-1
258,25,206.2,224.4,7.0,25.6,0.82,1,-1,-1
258,29,595.5,246.3,4.8,12.5,0.81,1,-1,-1
258,46,58.8,231.0,3.6,8.8,0.77,1,-1,-1
258,48,62.9,231.5,5.1,8.7,0.59,1,-1,-1
259,1,281.0,208.0,65.4,175.0,0.93,1,-1,-1
259,14,349.8,203.4,110.2,222.2,0.91,1,-1,-1
259,25,206.7,224.4,7.1,26.0,0.82,1,-1,-1
259,29,595.2,246.4,4.5,12.4,0.83,1,-1,-1
259,46,59.0,231.0,3.5,8.7,0.77,1,-1,-1
259,48,63.1,231.4,4.9,8.6,0.61,1,-1,-1
260,1,276.2,206.5,67.0,175.5,0.92,1,-1,-1
260,14,364.2,203.0,107.8,223.8,0.93,1,-1,-1
260,25,207.7,224.3,7.5,25.5,0.81,1,-1,-1
260,29,594.8,246.1,4.4,12.5,0.85,1,-1,-1
260,46,59.2,231.0,3.5,8.6,0.76,1,-1,-1
260,48,63.3,231.3,4.8,8.6,0.63,1,-1,-1
261,1,273.4,206.7,68.3,175.3,0.90,1,-1,-1
261,14,364.4,204.3,125.2,227.2,0.92,1,-1,-1
261,25,208.2,224.5,9.0,26.1,0.82,1,-1,-1
261,29,594.5,245.8,4.4,13.0,0.86,1,-1,-1
261,46,59.3,231.1,3.4,8.6,0.76,1,-1,-1
261,48,63.3,231.3,4.7,8.6,0.63,1,-1,-1
262,1,270.3,205.9,72.7,176.8,0.91,1,-1,-1
262,14,376.8,203.9,129.3,232.3,0.92,1,-1,-1
262,25,208.5,224.7,9.6,26.2,0.84,1,-1,-1
262,29,594.1,245.7,4.7,13.1,0.86,1,-1,-1
262,46,59.3,231.2,3.4,8.6,0.77,1,-1,-1
262,48,63.4,231.3,4.6,8.5,0.64,1,-1,-1
263,1,269.3,205.2,73.4,177.3,0.91,1,-1,-1
263,14,411.1,200.9,114.8,235.2,0.92,1,-1,-1
263,25,208.8,224.6,9.6,26.1,0.86,1,-1,-1
263,29,593.7,245.8,4.8,13.4,0.85,1,-1,-1
263,46,59.3,231.2,3.4,8.6,0.77,1,-1,-1
263,48,63.5,231.4,4.5,8.3,0.66,1,-1,-1
264,1,269.6,206.4,72.5,176.6,0.91,1,-1,-1
264,14,441.2,196.8,105.9,240.0,0.89,1,-1,-1
264,25,210.1,224.6,8.7,26.2,0.85,1,-1,-1
264,29,593.5,245.7,4.8,13.6,0.85,1,-1,-1
264,46,59.3,231.0,3.4,8.7,0.78,1,-1,-1
264,48,63.6,231.3,4.4,8.4,0.68,1,-1,-1
265,1,270.1,206.5,71.7,176.1,0.91,1,-1,-1
265,14,459.3,196.2,110.7,248.2,0.92,1,-1,-1
265,25,212.7,224.3,6.8,26.3,0.78,1,-1,-1
265,29,592.9,245.2,5.3,14.4,0.85,1,-1,-1
265,46,59.4,231.0,3.4,8.8,0.78,1,-1,-1
265,48,63.7,231.2,4.4,8.4,0.68,1,-1,-1
266,1,271.6,206.4,70.8,176.4,0.91,1,-1,-1
266,14,459.8,199.1,132.8,246.7,0.90,1,-1,-1
266,25,213.6,224.3,7.2,26.3,0.81,1,-1,-1
266,29,592.7,245.2,5.0,14.1,0.86,1,-1,-1
266,46,59.4,231.0,3.5,8.8,0.79,1,-1,-1
266,48,63.7,231.2,4.3,8.3,0.68,1,-1,-1
267,1,273.5,205.4,70.3,176.5,0.91,1,-1,-1
267,14,481.4,194.8,131.8,253.8,0.90,1,-1,-1
267,25,213.9,224.4,8.4,26.7,0.83,1,-1,-1
267,29,592.3,245.3,5.2,13.8,0.82,1,-1,-1
267,46,59.5,231.1,3.5,8.8,0.79,1,-1,-1
267,48,63.8,231.4,4.2,8.1,0.69,1,-1,-1
268,1,276.4,207.6,66.9,175.3,0.92,1,-1,-1
268,14,530.6,190.6,100.4,261.8,0.90,1,-1,-1
268,25,214.9,224.7,8.2,26.6,0.84,1,-1,-1
268,46,59.7,231.1,3.5,8.7,0.79,1,-1,-1
268,48,64.0,231.4,4.0,8.0,0.72,1,-1,-1
269,1,276.3,208.6,66.2,173.8,0.92,1,-1,-1
269,14,550.3,187.3,89.2,264.3,0.88,1,-1,-1
269,25,216.4,224.7,7.9,26.7,0.85,1,-1,-1
269,46,59.8,230.9,3.6,9.0,0.78,1,-1,-1
269,48,64.3,231.3,3.8,8.3,0.74,1,-1,-1
270,1,276.5,209.4,65.7,172.8,0.92,1,-1,-1
270,14,551.1,192.2,88.3,258.2,0.84,1,-1,-1
270,25,217.5,224.6,8.2,27.0,0.84,1,-1,-1
270,29,591.3,244.9,4.9,13.6,0.65,1,-1,-1
270,46,59.9,230.7,3.5,9.1,0.77,1,-1,-1
270,48,64.4,231.1,3.6,8.5,0.75,1,-1,-1
271,1,278.5,210.8,65.5,171.1,0.94,1,-1,-1
271,14,561.9,224.5,78.1,228.2,0.86,1,-1,-1
271,25,219.2,224.2,8.5,27.2,0.84,1,-1,-1
271,29,591.5,245.5,4.5,13.1,0.82,1,-1,-1
271,46,60.0,230.7,3.6,9.0,0.77,1,-1,-1
271,48,64.5,231.0,3.6,8.6,0.75,1,-1,-1
272,1,279.4,211.4,66.8,170.8,0.94,1,-1,-1
272,25,219.5,224.6,10.6,27.3,0.87,1,-1,-1
272,29,591.4,245.8,4.6,12.7,0.82,1,-1,-1
272,46,60.0,230.8,3.7,9.0,0.77,1,-1,-1
272,48,64.6,231.0,3.4,8.6,0.74,1,-1,-1
273,1,280.0,211.2,66.3,170.1,0.94,1,-1,-1
273,25,219.7,224.5,10.5,27.4,0.86,1,-1,-1
273,29,591.1,245.9,4.9,12.6,0.80,1,-1,-1
273,46,60.0,230.8,3.8,9.0,0.77,1,-1,-1
273,48,64.7,231.0,3.3,8.6,0.72,1,-1,-1
274,1,281.9,210.5,64.6,170.4,0.94,1,-1,-1
274,25,221.8,224.5,9.6,27.3,0.85,1,-1,-1
274,29,590.8,245.8,5.2,12.7,0.75,1,-1,-1
274,46,60.0,230.6,3.8,9.1,0.77,1,-1,-1
274,48,64.7,230.8,3.4,8.7,0.75,1,-1,-1
275,1,282.0,210.0,64.5,170.8,0.94,1,-1,-1
275,25,225.2,224.2,8.0,27.8,0.83,1,-1,-1
275,29,590.4,245.5,5.7,13.1,0.71,1,-1,-1
275,46,60.0,230.6,3.9,9.2,0.76,1,-1,-1
275,48,64.8,230.8,3.3,9.0,0.76,1,-1,-1
276,1,283.3,209.4,63.0,171.8,0.93,1,-1,-1
276,25,226.3,224.1,7.8,27.7,0.84,1,-1,-1
276,29,590.0,245.4,6.0,13.3,0.60,1,-1,-1
276,46,60.0,230.6,4.1,9.2,0.74,1,-1,-1
276,48,64.9,230.7,3.3,9.0,0.76,1,-1,-1
277,1,282.9,209.0,62.9,173.2,0.94,1,-1,-1
277,25,226.7,224.0,8.5,28.1,0.86,1,-1,-1
277,29,589.8,245.6,6.2,13.2,0.45,1,-1,-1
277,46,60.0,230.6,4.3,9.3,0.71,1,-1,-1
277,48,65.0,230.7,3.3,9.1,0.76,1,-1,-1
278,1,283.4,208.8,62.1,174.0,0.94,1,-1,-1
278,25,227.3,224.1,8.3,28.3,0.85,1,-1,-1
278,29,588.0,245.1,6.4,14.1,0.58,1,-1,-1
278,46,60.0,230.7,4.5,9.3,0.69,1,-1,-1
278,48,65.1,230.8,3.3,9.0,0.76,1,-1,-1
279,1,283.6,208.2,59.8,174.7,0.92,1,-1,-1
279,25,229.5,224.0,8.0,28.5,0.85,1,-1,-1
279,29,588.0,244.7,5.8,14.1,0.70,1,-1,-1
279,46,60.0,230.7,4.8,9.2,0.67,1,-1,-1
279,48,65.2,230.8,3.3,9.1,0.76,1,-1,-1
280,1,279.9,207.8,60.7,174.8,0.90,1,-1,-1
280,25,231.0,224.3,8.4,28.1,0.84,1,-1,-1
280,29,588.0,244.6,5.5,13.9,0.74,1,-1,-1
280,46,60.0,230.7,5.1,9.2,0.64,1,-1,-1
280,48,65.9,230.9,3.2,8.8,0.73,1,-1,-1
281,1,272.7,207.2,67.3,176.4,0.91,1,-1,-1
281,25,231.9,224.5,10.3,27.8,0.86,1,-1,-1
281,29,588.0,245.0,5.1,13.4,0.77,1,-1,-1
281,46,60.0,230.7,5.2,9.2,0.63,1,-1,-1
281,48,66.0,230.8,3.2,8.8,0.76,1,-1,-1
282,1,270.2,206.9,69.1,177.2,0.89,1,-1,-1
282,25,232.6,224.8,10.3,27.9,0.87,1,-1,-1
282,29,587.9,245.0,4.8,13.4,0.80,1,-1,-1
282,46,60.0,230.7,5.2,9.1,0.64,1,-1,-1
282,48,66.1,230.8,3.2,8.8,0.77,1,-1,-1
283,1,269.6,206.7,68.9,177.3,0.91,1,-1,-1
283,25,232.8,224.5,10.4,28.5,0.87,1,-1,-1
283,29,587.8,244.6,4.8,13.6,0.82,1,-1,-1
283,46,60.0,230.8,5.3,9.0,0.63,1,-1,-1
283,48,66.2,230.9,3.1,8.7,0.78,1,-1,-1
284,1,271.8,206.3,66.0,177.5,0.90,1,-1,-1
284,25,234.9,224.2,9.1,28.3,0.85,1,-1,-1
284,29,587.6,244.6,4.8,13.9,0.83,1,-1,-1
284,46,60.0,230.8,5.3,8.9,0.63,1,-1,-1
284,48,66.3,230.9,3.0,8.5,0.78,1,-1,-1
285,1,278.2,206.2,58.3,176.9,0.90,1,-1,-1
285,25,237.7,223.9,7.6,29.2,0.84,1,-1,-1
285,29,587.0,244.5,5.1,13.8,0.83,1,-1,-1
285,46,60.0,230.8,5.4,8.9,0.61,1,-1,-1
285,48,66.4,230.9,3.0,8.5,0.77,1,-1,-1
286,1,278.5,205.7,57.3,177.4,0.89,1,-1,-1
286,25,238.7,224.1,7.9,29.0,0.84,1,-1,-1
286,29,586.6,244.9,5.1,13.3,0.84,1,-1,-1
286,46,60.0,230.8,5.5,9.0,0.60,1,-1,-1
286,48,66.5,230.9,3.0,8.4,0.76,1,-1,-1
287,1,276.3,204.8,59.2,178.1,0.90,1,-1,-1
287,25,239.8,224.7,9.8,28.4,0.85,1,-1,-1
287,29,585.6,245.0,5.0,13.6,0.85,1,-1,-1
287,46,60.0,230.8,5.6,8.9,0.60,1,-1,-1
287,48,66.7,230.8,2.9,8.3,0.77,1,-1,-1
288,1,275.5,205.0,59.3,178.0,0.91,1,-1,-1
288,25,241.1,224.7,9.4,28.6,0.86,1,-1,-1
288,29,585.0,244.6,4.9,13.9,0.86,1,-1,-1
288,46,60.0,230.8,5.7,9.0,0.60,1,-1,-1
288,48,66.7,230.7,2.9,8.4,0.77,1,-1,-1
289,1,274.4,205.7,59.4,177.3,0.90,1,-1,-1
289,25,243.7,223.8,8.1,29.5,0.81,1,-1,-1
289,29,584.7,244.5,4.8,13.8,0.86,1,-1,-1
289,46,60.0,230.9,5.8,8.9,0.57,1,-1,-1
289,48,66.7,230.8,3.0,8.5,0.77,1,-1,-1
290,1,273.8,207.0,59.1,175.9,0.90,1,-1,-1
290,25,245.2,223.6,8.5,29.6,0.85,1,-1,-1
290,29,584.3,244.6,4.8,14.0,0.86,1,-1,-1
290,46,60.0,231.0,6.0,8.8,0.56,1,-1,-1
290,48,66.8,230.8,3.0,8.4,0.77,1,-1,-1
291,1,273.8,207.6,59.5,176.3,0.91,1,-1,-1
291,25,246.1,224.1,12.3,29.2,0.88,1,-1,-1
291,29,583.9,244.8,4.9,13.9,0.86,1,-1,-1
291,46,60.0,231.0,6.3,8.8,0.52,1,-1,-1
291,48,67.0,230.8,2.9,8.4,0.75,1,-1,-1
292,1,273.9,207.5,59.2,176.6,0.91,1,-1,-1
292,25,247.1,224.3,11.8,29.9,0.88,1,-1,-1
292,29,582.9,244.3,5.1,14.6,0.83,1,-1,-1
292,46,60.0,230.8,7.1,9.1,0.46,1,-1,-1
292,48,67.2,230.7,3.1,8.6,0.76,1,-1,-1
293,1,273.9,207.6,60.0,176.5,0.90,1,-1,-1
293,25,249.8,223.9,9.9,30.1,0.86,1,-1,-1
293,29,582.2,244.5,5.1,13.3,0.77,1,-1,-1
293,46,60.0,230.7,7.3,9.2,0.42,1,-1,-1
293,48,67.2,230.6,3.2,8.6,0.75,1,-1,-1
294,1,274.0,207.9,61.7,176.1,0.90,1,-1,-1
294,25,253.7,223.7,7.6,30.9,0.84,1,-1,-1
294,29,581.5,244.5,5.3,13.8,0.79,1,-1,-1
294,46,60.0,230.7,7.5,9.3,0.38,1,-1,-1
294,48,67.3,230.6,3.3,8.7,0.75,1,-1,-1
295,1,274.4,207.8,62.2,176.1,0.90,1,-1,-1
295,25,254.3,224.2,10.1,30.5,0.86,1,-1,-1
295,29,581.0,244.4,5.4,14.0,0.78,1,-1,-1
295,46,60.0,230.6,7.6,9.3,0.35,1,-1,-1
295,48,67.3,230.5,3.3,8.8,0.76,1,-1,-1
296,1,273.6,207.6,61.8,175.3,0.90,1,-1,-1
296,25,255.0,224.2,10.7,30.6,0.86,1,-1,-1
296,29,580.0,243.9,6.1,14.8,0.81,1,-1,-1
296,46,60.0,230.5,7.6,9.4,0.34,1,-1,-1
296,48,67.4,230.5,3.4,8.9,0.75,1,-1,-1
297,1,273.5,207.0,64.8,176.2,0.91,1,-1,-1
297,25,258.6,224.6,8.6,30.5,0.85,1,-1,-1
297,29,579.9,243.8,5.5,14.3,0.83,1,-1,-1
297,46,60.0,230.4,7.6,9.4,0.34,1,-1,-1
297,48,67.5,230.5,3.4,8.8,0.75,1,-1,-1
298,1,273.6,205.5,66.5,178.2,0.91,1,-1,-1
298,25,260.8,223.9,8.6,31.0,0.82,1,-1,-1
298,29,579.4,243.8,5.4,14.5,0.84,1,-1,-1
298,46,60.0,230.4,7.5,9.4,0.35,1,-1,-1
298,48,67.5,230.5,3.4,8.9,0.76,1,-1,-1
299,1,274.7,205.7,66.5,178.7,0.92,1,-1,-1
299,25,261.3,224.1,11.7,31.0,0.80,1,-1,-1
299,29,579.0,243.8,5.3,14.3,0.84,1,-1,-1
299,46,60.0,230.3,7.5,9.4,0.36,1,-1,-1
299,48,67.6,230.4,3.4,8.9,0.76,1,-1,-1
300,1,274.0,205.9,69.4,178.9,0.91,1,-1,-1
300,25,261.4,223.5,15.5,31.6,0.78,1,-1,-1
300,29,578.5,243.6,5.4,14.5,0.85,1,-1,-1
300,46,60.0,230.2,7.4,9.5,0.37,1,-1,-1
300,48,67.6,230.3,3.4,9.0,0.76,1,-1,-1
